4000.000000	99.267483 
3999.000000	99.265335 
3998.000000	99.263039 
3997.000000	99.261868 
3996.000000	99.263026 
3995.000000	99.266437 
3994.000000	99.270097 
3993.000000	99.271631 
3992.000000	99.270380 
3991.000000	99.267904 
3990.000000	99.266650 
3989.000000	99.267510 
3988.000000	99.269221 
3987.000000	99.270116 
3986.000000	99.269865 
3985.000000	99.269183 
3984.000000	99.268333 
3983.000000	99.266638 
3982.000000	99.263567 
3981.000000	99.259731 
3980.000000	99.256549 
3979.000000	99.255129 
3978.000000	99.255569 
3977.000000	99.257023 
3976.000000	99.258169 
3975.000000	99.257912 
3974.000000	99.256081 
3973.000000	99.253598 
3972.000000	99.251878 
3971.000000	99.251918 
3970.000000	99.253913 
3969.000000	99.257418 
3968.000000	99.261639 
3967.000000	99.265619 
3966.000000	99.268356 
3965.000000	99.269046 
3964.000000	99.267387 
3963.000000	99.263857 
3962.000000	99.259707 
3961.000000	99.256420 
3960.000000	99.254924 
3959.000000	99.255332 
3958.000000	99.257233 
3957.000000	99.259981 
3956.000000	99.262771 
3955.000000	99.264847 
3954.000000	99.265882 
3953.000000	99.266190 
3952.000000	99.266381 
3951.000000	99.266734 
3950.000000	99.266994 
3949.000000	99.266854 
3948.000000	99.266508 
3947.000000	99.266525 
3946.000000	99.267192 
3945.000000	99.268169 
3944.000000	99.268866 
3943.000000	99.269005 
3942.000000	99.268713 
3941.000000	99.268141 
3940.000000	99.267203 
3939.000000	99.265824 
3938.000000	99.264297 
3937.000000	99.263236 
3936.000000	99.263096 
3935.000000	99.263834 
3934.000000	99.265000 
3933.000000	99.266109 
3932.000000	99.266925 
3931.000000	99.267479 
3930.000000	99.267903 
3929.000000	99.268203 
3928.000000	99.268176 
3927.000000	99.267610 
3926.000000	99.266625 
3925.000000	99.265690 
3924.000000	99.265185 
3923.000000	99.265029 
3922.000000	99.264873 
3921.000000	99.264483 
3920.000000	99.263909 
3919.000000	99.263356 
3918.000000	99.262964 
3917.000000	99.262707 
3916.000000	99.262451 
3915.000000	99.262067 
3914.000000	99.261524 
3913.000000	99.260894 
3912.000000	99.260287 
3911.000000	99.259742 
3910.000000	99.259179 
3909.000000	99.258490 
3908.000000	99.257675 
3907.000000	99.256864 
3906.000000	99.256203 
3905.000000	99.255705 
3904.000000	99.255192 
3903.000000	99.254424 
3902.000000	99.253328 
3901.000000	99.252089 
3900.000000	99.251046 
3899.000000	99.250412 
3898.000000	99.250069 
3897.000000	99.249575 
3896.000000	99.248638 
3895.000000	99.247420 
3894.000000	99.246278 
3893.000000	99.245104 
3892.000000	99.243350 
3891.000000	99.240958 
3890.000000	99.238714 
3889.000000	99.237337 
3888.000000	99.236471 
3887.000000	99.235164 
3886.000000	99.233896 
3885.000000	99.234544 
3884.000000	99.237895 
3883.000000	99.242454 
3882.000000	99.245695 
3881.000000	99.246320 
3880.000000	99.245231 
3879.000000	99.244160 
3878.000000	99.243856 
3877.000000	99.243548 
3876.000000	99.241738 
3875.000000	99.238107 
3874.000000	99.234322 
3873.000000	99.232073 
3872.000000	99.230902 
3871.000000	99.229283 
3870.000000	99.227767 
3869.000000	99.228123 
3868.000000	99.230109 
3867.000000	99.231556 
3866.000000	99.231145 
3865.000000	99.229906 
3864.000000	99.229491 
3863.000000	99.229703 
3862.000000	99.229346 
3861.000000	99.227720 
3860.000000	99.224558 
3859.000000	99.220156 
3858.000000	99.216429 
3857.000000	99.216296 
3856.000000	99.219239 
3855.000000	99.219707 
3854.000000	99.216695 
3853.000000	99.216863 
3852.000000	99.223178 
3851.000000	99.232057 
3850.000000	99.240018 
3849.000000	99.246968 
3848.000000	99.254307 
3847.000000	99.261876 
3846.000000	99.267361 
3845.000000	99.268144 
3844.000000	99.263928 
3843.000000	99.257426 
3842.000000	99.252121 
3841.000000	99.249535 
3840.000000	99.249457 
3839.000000	99.251819 
3838.000000	99.257003 
3837.000000	99.264227 
3836.000000	99.270837 
3835.000000	99.274150 
3834.000000	99.273345 
3833.000000	99.269746 
3832.000000	99.265987 
3831.000000	99.264216 
3830.000000	99.264840 
3829.000000	99.266664 
3828.000000	99.267888 
3827.000000	99.267238 
3826.000000	99.264450 
3825.000000	99.259737 
3824.000000	99.252937 
3823.000000	99.243696 
3822.000000	99.234337 
3821.000000	99.229603 
3820.000000	99.230857 
3819.000000	99.235550 
3818.000000	99.240523 
3817.000000	99.244110 
3816.000000	99.247339 
3815.000000	99.251619 
3814.000000	99.256036 
3813.000000	99.258770 
3812.000000	99.259425 
3811.000000	99.259175 
3810.000000	99.259103 
3809.000000	99.258489 
3808.000000	99.255921 
3807.000000	99.251899 
3806.000000	99.248534 
3805.000000	99.247210 
3804.000000	99.247388 
3803.000000	99.246835 
3802.000000	99.244437 
3801.000000	99.241769 
3800.000000	99.240545 
3799.000000	99.241012 
3798.000000	99.242516 
3797.000000	99.244485 
3796.000000	99.246618 
3795.000000	99.248291 
3794.000000	99.248506 
3793.000000	99.246637 
3792.000000	99.242975 
3791.000000	99.238749 
3790.000000	99.235660 
3789.000000	99.234977 
3788.000000	99.236784 
3787.000000	99.239819 
3786.000000	99.242361 
3785.000000	99.243720 
3784.000000	99.244667 
3783.000000	99.246306 
3782.000000	99.248829 
3781.000000	99.251390 
3780.000000	99.253097 
3779.000000	99.253704 
3778.000000	99.253353 
3777.000000	99.252087 
3776.000000	99.249961 
3775.000000	99.247453 
3774.000000	99.245488 
3773.000000	99.244819 
3772.000000	99.245588 
3771.000000	99.247587 
3770.000000	99.250595 
3769.000000	99.254022 
3768.000000	99.256653 
3767.000000	99.257364 
3766.000000	99.256148 
3765.000000	99.254259 
3764.000000	99.252939 
3763.000000	99.252144 
3762.000000	99.251128 
3761.000000	99.250033 
3760.000000	99.250074 
3759.000000	99.251543 
3758.000000	99.252959 
3757.000000	99.252951 
3756.000000	99.251478 
3755.000000	99.248857 
3754.000000	99.245047 
3753.000000	99.241121 
3752.000000	99.240507 
3751.000000	99.245531 
3750.000000	99.252815 
3749.000000	99.256542 
3748.000000	99.255463 
3747.000000	99.252587 
3746.000000	99.249687 
3745.000000	99.248186 
3744.000000	99.249948 
3743.000000	99.251632 
3742.000000	99.248423 
3741.000000	99.241355 
3740.000000	99.236337 
3739.000000	99.237549 
3738.000000	99.241654 
3737.000000	99.241233 
3736.000000	99.234691 
3735.000000	99.228585 
3734.000000	99.228793 
3733.000000	99.233964 
3732.000000	99.238775 
3731.000000	99.239381 
3730.000000	99.234702 
3729.000000	99.225143 
3728.000000	99.212260 
3727.000000	99.199814 
3726.000000	99.191981 
3725.000000	99.189096 
3724.000000	99.187626 
3723.000000	99.184543 
3722.000000	99.180094 
3721.000000	99.175970 
3720.000000	99.172216 
3719.000000	99.166759 
3718.000000	99.157975 
3717.000000	99.146821 
3716.000000	99.135493 
3715.000000	99.124850 
3714.000000	99.113848 
3713.000000	99.101887 
3712.000000	99.090671 
3711.000000	99.081195 
3710.000000	99.070839 
3709.000000	99.056176 
3708.000000	99.037538 
3707.000000	99.019215 
3706.000000	99.005447 
3705.000000	98.996216 
3704.000000	98.986852 
3703.000000	98.972429 
3702.000000	98.953086 
3701.000000	98.933968 
3700.000000	98.919247 
3699.000000	98.908068 
3698.000000	98.896902 
3697.000000	98.884873 
3696.000000	98.875203 
3695.000000	98.871637 
3694.000000	98.875184 
3693.000000	98.883968 
3692.000000	98.894110 
3691.000000	98.899792 
3690.000000	98.895353 
3689.000000	98.881182 
3688.000000	98.865045 
3687.000000	98.853530 
3686.000000	98.846060 
3685.000000	98.838848 
3684.000000	98.829963 
3683.000000	98.819028 
3682.000000	98.804074 
3681.000000	98.783004 
3680.000000	98.759128 
3679.000000	98.741147 
3678.000000	98.733103 
3677.000000	98.726266 
3676.000000	98.708653 
3675.000000	98.679509 
3674.000000	98.648256 
3673.000000	98.622883 
3672.000000	98.601751 
3671.000000	98.576817 
3670.000000	98.544623 
3669.000000	98.510102 
3668.000000	98.480488 
3667.000000	98.458655 
3666.000000	98.441232 
3665.000000	98.421699 
3664.000000	98.395681 
3663.000000	98.364207 
3662.000000	98.331880 
3661.000000	98.302293 
3660.000000	98.275299 
3659.000000	98.248335 
3658.000000	98.219388 
3657.000000	98.189765 
3656.000000	98.162577 
3655.000000	98.137299 
3654.000000	98.109596 
3653.000000	98.076221 
3652.000000	98.038565 
3651.000000	98.004255 
3650.000000	97.981856 
3649.000000	97.969149 
3648.000000	97.955167 
3647.000000	97.934360 
3646.000000	97.910126 
3645.000000	97.887065 
3644.000000	97.865764 
3643.000000	97.843766 
3642.000000	97.818654 
3641.000000	97.789676 
3640.000000	97.757398 
3639.000000	97.723696 
3638.000000	97.691413 
3637.000000	97.662106 
3636.000000	97.634051 
3635.000000	97.604125 
3634.000000	97.572586 
3633.000000	97.544565 
3632.000000	97.525708 
3631.000000	97.515113 
3630.000000	97.505292 
3629.000000	97.490255 
3628.000000	97.469247 
3627.000000	97.446815 
3626.000000	97.430289 
3625.000000	97.424309 
3624.000000	97.428181 
3623.000000	97.436919 
3622.000000	97.444791 
3621.000000	97.449670 
3620.000000	97.455085 
3619.000000	97.466851 
3618.000000	97.487247 
3617.000000	97.513981 
3616.000000	97.542495 
3615.000000	97.568223 
3614.000000	97.589722 
3613.000000	97.610520 
3612.000000	97.635924 
3611.000000	97.667342 
3610.000000	97.700698 
3609.000000	97.730394 
3608.000000	97.753734 
3607.000000	97.771373 
3606.000000	97.785296 
3605.000000	97.797512 
3604.000000	97.809610 
3603.000000	97.822812 
3602.000000	97.838046 
3601.000000	97.856085 
3600.000000	97.876307 
3599.000000	97.895511 
3598.000000	97.909247 
3597.000000	97.915264 
3596.000000	97.915264 
3595.000000	97.913195 
3594.000000	97.911992 
3593.000000	97.912748 
3592.000000	97.917163 
3591.000000	97.928174 
3590.000000	97.946687 
3589.000000	97.968468 
3588.000000	97.985267 
3587.000000	97.990242 
3586.000000	97.983495 
3585.000000	97.971531 
3584.000000	97.961298 
3583.000000	97.955948 
3582.000000	97.954568 
3581.000000	97.954405 
3580.000000	97.953406 
3579.000000	97.951563 
3578.000000	97.950182 
3577.000000	97.949622 
3576.000000	97.947814 
3575.000000	97.941666 
3574.000000	97.930571 
3573.000000	97.918154 
3572.000000	97.909817 
3571.000000	97.908096 
3570.000000	97.910444 
3569.000000	97.911880 
3568.000000	97.909876 
3567.000000	97.905483 
3566.000000	97.900397 
3565.000000	97.895755 
3564.000000	97.892883 
3563.000000	97.892400 
3562.000000	97.892464 
3561.000000	97.889505 
3560.000000	97.882004 
3559.000000	97.872944 
3558.000000	97.867198 
3557.000000	97.866531 
3556.000000	97.868165 
3555.000000	97.868092 
3554.000000	97.864818 
3553.000000	97.859647 
3552.000000	97.854282 
3551.000000	97.849388 
3550.000000	97.845277 
3549.000000	97.842340 
3548.000000	97.840289 
3547.000000	97.838036 
3546.000000	97.835234 
3545.000000	97.833071 
3544.000000	97.832409 
3543.000000	97.832170 
3542.000000	97.830639 
3541.000000	97.827462 
3540.000000	97.823616 
3539.000000	97.820115 
3538.000000	97.817205 
3537.000000	97.814613 
3536.000000	97.812082 
3535.000000	97.809513 
3534.000000	97.806898 
3533.000000	97.804254 
3532.000000	97.801597 
3531.000000	97.798937 
3530.000000	97.796286 
3529.000000	97.793665 
3528.000000	97.791090 
3527.000000	97.788559 
3526.000000	97.786051 
3525.000000	97.783543 
3524.000000	97.781024 
3523.000000	97.778515 
3522.000000	97.776050 
3521.000000	97.773652 
3520.000000	97.771313 
3519.000000	97.768989 
3518.000000	97.766606 
3517.000000	97.764125 
3516.000000	97.761622 
3515.000000	97.759264 
3514.000000	97.757144 
3513.000000	97.755097 
3512.000000	97.752777 
3511.000000	97.749988 
3510.000000	97.746866 
3509.000000	97.743787 
3508.000000	97.740994 
3507.000000	97.738425 
3506.000000	97.735824 
3505.000000	97.732982 
3504.000000	97.729939 
3503.000000	97.726906 
3502.000000	97.724000 
3501.000000	97.721109 
3500.000000	97.718079 
3499.000000	97.714925 
3498.000000	97.711836 
3497.000000	97.708981 
3496.000000	97.706349 
3495.000000	97.703706 
3494.000000	97.700693 
3493.000000	97.697093 
3492.000000	97.693107 
3491.000000	97.689365 
3490.000000	97.686447 
3489.000000	97.684425 
3488.000000	97.682780 
3487.000000	97.680794 
3486.000000	97.678052 
3485.000000	97.674580 
3484.000000	97.670702 
3483.000000	97.666745 
3482.000000	97.662830 
3481.000000	97.658903 
3480.000000	97.654923 
3479.000000	97.650982 
3478.000000	97.647133 
3477.000000	97.643194 
3476.000000	97.638908 
3475.000000	97.634325 
3474.000000	97.629898 
3473.000000	97.626032 
3472.000000	97.622591 
3471.000000	97.618964 
3470.000000	97.614687 
3469.000000	97.609869 
3468.000000	97.605085 
3467.000000	97.600865 
3466.000000	97.597235 
3465.000000	97.593652 
3464.000000	97.589408 
3463.000000	97.584205 
3462.000000	97.578396 
3461.000000	97.572773 
3460.000000	97.567919 
3459.000000	97.563802 
3458.000000	97.559886 
3457.000000	97.555600 
3456.000000	97.550771 
3455.000000	97.545640 
3454.000000	97.540614 
3453.000000	97.536005 
3452.000000	97.531868 
3451.000000	97.527928 
3450.000000	97.523696 
3449.000000	97.518840 
3448.000000	97.513531 
3447.000000	97.508402 
3446.000000	97.503968 
3445.000000	97.500061 
3444.000000	97.495912 
3443.000000	97.490831 
3442.000000	97.484778 
3441.000000	97.478459 
3440.000000	97.472815 
3439.000000	97.468252 
3438.000000	97.464314 
3437.000000	97.460085 
3436.000000	97.455175 
3435.000000	97.450163 
3434.000000	97.445976 
3433.000000	97.442994 
3432.000000	97.440850 
3431.000000	97.438872 
3430.000000	97.436540 
3429.000000	97.433590 
3428.000000	97.429974 
3427.000000	97.425923 
3426.000000	97.421923 
3425.000000	97.418371 
3424.000000	97.415195 
3423.000000	97.411863 
3422.000000	97.407897 
3421.000000	97.403436 
3420.000000	97.399286 
3419.000000	97.396280 
3418.000000	97.394529 
3417.000000	97.393177 
3416.000000	97.390935 
3415.000000	97.387093 
3414.000000	97.382117 
3413.000000	97.377378 
3412.000000	97.374039 
3411.000000	97.372142 
3410.000000	97.370688 
3409.000000	97.368621 
3408.000000	97.365777 
3407.000000	97.362923 
3406.000000	97.361013 
3405.000000	97.360410 
3404.000000	97.360571 
3403.000000	97.360286 
3402.000000	97.358507 
3401.000000	97.355315 
3400.000000	97.352171 
3399.000000	97.350825 
3398.000000	97.351762 
3397.000000	97.353760 
3396.000000	97.354920 
3395.000000	97.354377 
3394.000000	97.352768 
3393.000000	97.351330 
3392.000000	97.350678 
3391.000000	97.350416 
3390.000000	97.349688 
3389.000000	97.347884 
3388.000000	97.344981 
3387.000000	97.341614 
3386.000000	97.338890 
3385.000000	97.337790 
3384.000000	97.338512 
3383.000000	97.340311 
3382.000000	97.342148 
3381.000000	97.343523 
3380.000000	97.344556 
3379.000000	97.345411 
3378.000000	97.345890 
3377.000000	97.345698 
3376.000000	97.344972 
3375.000000	97.344422 
3374.000000	97.344914 
3373.000000	97.346953 
3372.000000	97.350392 
3371.000000	97.354436 
3370.000000	97.357908 
3369.000000	97.359758 
3368.000000	97.359631 
3367.000000	97.358022 
3366.000000	97.356023 
3365.000000	97.354702 
3364.000000	97.354570 
3363.000000	97.355571 
3362.000000	97.357334 
3361.000000	97.359423 
3360.000000	97.361498 
3359.000000	97.363397 
3358.000000	97.365167 
3357.000000	97.366983 
3356.000000	97.368925 
3355.000000	97.370781 
3354.000000	97.372162 
3353.000000	97.372892 
3352.000000	97.373288 
3351.000000	97.373968 
3350.000000	97.375272 
3349.000000	97.376970 
3348.000000	97.378530 
3347.000000	97.379707 
3346.000000	97.380776 
3345.000000	97.382181 
3344.000000	97.384025 
3343.000000	97.386016 
3342.000000	97.387790 
3341.000000	97.389222 
3340.000000	97.390430 
3339.000000	97.391636 
3338.000000	97.393040 
3337.000000	97.394726 
3336.000000	97.396648 
3335.000000	97.398637 
3334.000000	97.400480 
3333.000000	97.402076 
3332.000000	97.403495 
3331.000000	97.404922 
3330.000000	97.406497 
3329.000000	97.408208 
3328.000000	97.409914 
3327.000000	97.411486 
3326.000000	97.412908 
3325.000000	97.414262 
3324.000000	97.415641 
3323.000000	97.417082 
3322.000000	97.418570 
3321.000000	97.420071 
3320.000000	97.421560 
3319.000000	97.423021 
3318.000000	97.424420 
3317.000000	97.425707 
3316.000000	97.426858 
3315.000000	97.427928 
3314.000000	97.429030 
3313.000000	97.430216 
3312.000000	97.431415 
3311.000000	97.432548 
3310.000000	97.433734 
3309.000000	97.435248 
3308.000000	97.437200 
3307.000000	97.439319 
3306.000000	97.441172 
3305.000000	97.442645 
3304.000000	97.444057 
3303.000000	97.445780 
3302.000000	97.447784 
3301.000000	97.449653 
3300.000000	97.451073 
3299.000000	97.452177 
3298.000000	97.453409 
3297.000000	97.455097 
3296.000000	97.457261 
3295.000000	97.459720 
3294.000000	97.462177 
3293.000000	97.464249 
3292.000000	97.465618 
3291.000000	97.466295 
3290.000000	97.466804 
3289.000000	97.467861 
3288.000000	97.469794 
3287.000000	97.472350 
3286.000000	97.474891 
3285.000000	97.476901 
3284.000000	97.478290 
3283.000000	97.479406 
3282.000000	97.480878 
3281.000000	97.483207 
3280.000000	97.486264 
3279.000000	97.489288 
3278.000000	97.491656 
3277.000000	97.493644 
3276.000000	97.496166 
3275.000000	97.499677 
3274.000000	97.503599 
3273.000000	97.507020 
3272.000000	97.509817 
3271.000000	97.512621 
3270.000000	97.515852 
3269.000000	97.519228 
3268.000000	97.522368 
3267.000000	97.525377 
3266.000000	97.528528 
3265.000000	97.531636 
3264.000000	97.534192 
3263.000000	97.536134 
3262.000000	97.538133 
3261.000000	97.540927 
3260.000000	97.544570 
3259.000000	97.548412 
3258.000000	97.551774 
3257.000000	97.554594 
3256.000000	97.557481 
3255.000000	97.561191 
3254.000000	97.565981 
3253.000000	97.571361 
3252.000000	97.576440 
3251.000000	97.580567 
3250.000000	97.583700 
3249.000000	97.586329 
3248.000000	97.589132 
3247.000000	97.592476 
3246.000000	97.596119 
3245.000000	97.599403 
3244.000000	97.601921 
3243.000000	97.603976 
3242.000000	97.606357 
3241.000000	97.609512 
3240.000000	97.613097 
3239.000000	97.616391 
3238.000000	97.619078 
3237.000000	97.621554 
3236.000000	97.624507 
3235.000000	97.628266 
3234.000000	97.632596 
3233.000000	97.636985 
3232.000000	97.641047 
3231.000000	97.644703 
3230.000000	97.648141 
3229.000000	97.651681 
3228.000000	97.655570 
3227.000000	97.659795 
3226.000000	97.664088 
3225.000000	97.668122 
3224.000000	97.671761 
3223.000000	97.675124 
3222.000000	97.678492 
3221.000000	97.682104 
3220.000000	97.686000 
3219.000000	97.690013 
3218.000000	97.693889 
3217.000000	97.697476 
3216.000000	97.700844 
3215.000000	97.704245 
3214.000000	97.707905 
3213.000000	97.711867 
3212.000000	97.716005 
3211.000000	97.720152 
3210.000000	97.724195 
3209.000000	97.728107 
3208.000000	97.731939 
3207.000000	97.735804 
3206.000000	97.739764 
3205.000000	97.743736 
3204.000000	97.747520 
3203.000000	97.750994 
3202.000000	97.754265 
3201.000000	97.757669 
3200.000000	97.761546 
3199.000000	97.766017 
3198.000000	97.770899 
3197.000000	97.775788 
3196.000000	97.780319 
3195.000000	97.784382 
3194.000000	97.788179 
3193.000000	97.792088 
3192.000000	97.796410 
3191.000000	97.801167 
3190.000000	97.806043 
3189.000000	97.810534 
3188.000000	97.814319 
3187.000000	97.817562 
3186.000000	97.820833 
3185.000000	97.824646 
3184.000000	97.829022 
3183.000000	97.833426 
3182.000000	97.837172 
3181.000000	97.839958 
3180.000000	97.842163 
3179.000000	97.844642 
3178.000000	97.848059 
3177.000000	97.852339 
3176.000000	97.856797 
3175.000000	97.860940 
3174.000000	97.865048 
3173.000000	97.869680 
3172.000000	97.874802 
3171.000000	97.879679 
3170.000000	97.883688 
3169.000000	97.887013 
3168.000000	97.890392 
3167.000000	97.894317 
3166.000000	97.898681 
3165.000000	97.903175 
3164.000000	97.907733 
3163.000000	97.912408 
3162.000000	97.917078 
3161.000000	97.921516 
3160.000000	97.925724 
3159.000000	97.929958 
3158.000000	97.934395 
3157.000000	97.938935 
3156.000000	97.943381 
3155.000000	97.947681 
3154.000000	97.951926 
3153.000000	97.956213 
3152.000000	97.960568 
3151.000000	97.964973 
3150.000000	97.969377 
3149.000000	97.973717 
3148.000000	97.977991 
3147.000000	97.982291 
3146.000000	97.986740 
3145.000000	97.991360 
3144.000000	97.996049 
3143.000000	98.000639 
3142.000000	98.005023 
3141.000000	98.009243 
3140.000000	98.013417 
3139.000000	98.017646 
3138.000000	98.021947 
3137.000000	98.026283 
3136.000000	98.030610 
3135.000000	98.034898 
3134.000000	98.039137 
3133.000000	98.043350 
3132.000000	98.047583 
3131.000000	98.051863 
3130.000000	98.056178 
3129.000000	98.060478 
3128.000000	98.064706 
3127.000000	98.068843 
3126.000000	98.072921 
3125.000000	98.076987 
3124.000000	98.081053 
3123.000000	98.085093 
3122.000000	98.089073 
3121.000000	98.092983 
3120.000000	98.096842 
3119.000000	98.100692 
3118.000000	98.104564 
3117.000000	98.108463 
3116.000000	98.112374 
3115.000000	98.116270 
3114.000000	98.120131 
3113.000000	98.123951 
3112.000000	98.127742 
3111.000000	98.131533 
3110.000000	98.135362 
3109.000000	98.139240 
3108.000000	98.143120 
3107.000000	98.146921 
3106.000000	98.150605 
3105.000000	98.154230 
3104.000000	98.157920 
3103.000000	98.161759 
3102.000000	98.165718 
3101.000000	98.169656 
3100.000000	98.173441 
3099.000000	98.177041 
3098.000000	98.180508 
3097.000000	98.183866 
3096.000000	98.187061 
3095.000000	98.190095 
3094.000000	98.193186 
3093.000000	98.196664 
3092.000000	98.200681 
3091.000000	98.205030 
3090.000000	98.209298 
3089.000000	98.213224 
3088.000000	98.216868 
3087.000000	98.220485 
3086.000000	98.224224 
3085.000000	98.227976 
3084.000000	98.231560 
3083.000000	98.234997 
3082.000000	98.238466 
3081.000000	98.242030 
3080.000000	98.245588 
3079.000000	98.249194 
3078.000000	98.253207 
3077.000000	98.257898 
3076.000000	98.262990 
3075.000000	98.267804 
3074.000000	98.271848 
3073.000000	98.275091 
3072.000000	98.277803 
3071.000000	98.280440 
3070.000000	98.283554 
3069.000000	98.287417 
3068.000000	98.291574 
3067.000000	98.295057 
3066.000000	98.297277 
3065.000000	98.298604 
3064.000000	98.300089 
3063.000000	98.302687 
3062.000000	98.306759 
3061.000000	98.312025 
3060.000000	98.317667 
3059.000000	98.322765 
3058.000000	98.326916 
3057.000000	98.330462 
3056.000000	98.333959 
3055.000000	98.337358 
3054.000000	98.339865 
3053.000000	98.340673 
3052.000000	98.339805 
3051.000000	98.338440 
3050.000000	98.338396 
3049.000000	98.340951 
3048.000000	98.346032 
3047.000000	98.352274 
3046.000000	98.358050 
3045.000000	98.362749 
3044.000000	98.366941 
3043.000000	98.371413 
3042.000000	98.376227 
3041.000000	98.380690 
3040.000000	98.384092 
3039.000000	98.386295 
3038.000000	98.387701 
3037.000000	98.388929 
3036.000000	98.390600 
3035.000000	98.393147 
3034.000000	98.396522 
3033.000000	98.400120 
3032.000000	98.403286 
3031.000000	98.405955 
3030.000000	98.408488 
3029.000000	98.410859 
3028.000000	98.412467 
3027.000000	98.413067 
3026.000000	98.413498 
3025.000000	98.414959 
3024.000000	98.417719 
3023.000000	98.421048 
3022.000000	98.424303 
3021.000000	98.427507 
3020.000000	98.430811 
3019.000000	98.434092 
3018.000000	98.437440 
3017.000000	98.441466 
3016.000000	98.446584 
3015.000000	98.452253 
3014.000000	98.457302 
3013.000000	98.460855 
3012.000000	98.462675 
3011.000000	98.463125 
3010.000000	98.463156 
3009.000000	98.463895 
3008.000000	98.465695 
3007.000000	98.467779 
3006.000000	98.469188 
3005.000000	98.470013 
3004.000000	98.471319 
3003.000000	98.474012 
3002.000000	98.478139 
3001.000000	98.483124 
3000.000000	98.488199 
2999.000000	98.492648 
2998.000000	98.496088 
2997.000000	98.498679 
2996.000000	98.500724 
2995.000000	98.502019 
2994.000000	98.502047 
2993.000000	98.500929 
2992.000000	98.499803 
2991.000000	98.499888 
2990.000000	98.501417 
2989.000000	98.503810 
2988.000000	98.506618 
2987.000000	98.509955 
2986.000000	98.513970 
2985.000000	98.518171 
2984.000000	98.521529 
2983.000000	98.523317 
2982.000000	98.523747 
2981.000000	98.523839 
2980.000000	98.524579 
2979.000000	98.526124 
2978.000000	98.527772 
2977.000000	98.528573 
2976.000000	98.527966 
2975.000000	98.526112 
2974.000000	98.524006 
2973.000000	98.523191 
2972.000000	98.524832 
2971.000000	98.528642 
2970.000000	98.532744 
2969.000000	98.535209 
2968.000000	98.535919 
2967.000000	98.536573 
2966.000000	98.538825 
2965.000000	98.542678 
2964.000000	98.546790 
2963.000000	98.549871 
2962.000000	98.551393 
2961.000000	98.551286 
2960.000000	98.549847 
2959.000000	98.548189 
2958.000000	98.547944 
2957.000000	98.549711 
2956.000000	98.552089 
2955.000000	98.553205 
2954.000000	98.553352 
2953.000000	98.555041 
2952.000000	98.559794 
2951.000000	98.565617 
2950.000000	98.568767 
2949.000000	98.567762 
2948.000000	98.564577 
2947.000000	98.562096 
2946.000000	98.561247 
2945.000000	98.560973 
2944.000000	98.559894 
2943.000000	98.557254 
2942.000000	98.553001 
2941.000000	98.547899 
2940.000000	98.543358 
2939.000000	98.540528 
2938.000000	98.539534 
2937.000000	98.539735 
2936.000000	98.540422 
2935.000000	98.541094 
2934.000000	98.541600 
2933.000000	98.542509 
2932.000000	98.544932 
2931.000000	98.549540 
2930.000000	98.555996 
2929.000000	98.563414 
2928.000000	98.570761 
2927.000000	98.576569 
2926.000000	98.579357 
2925.000000	98.579459 
2924.000000	98.579670 
2923.000000	98.582712 
2922.000000	98.588277 
2921.000000	98.593706 
2920.000000	98.597601 
2919.000000	98.601564 
2918.000000	98.607934 
2917.000000	98.616777 
2916.000000	98.625689 
2915.000000	98.632143 
2914.000000	98.635502 
2913.000000	98.637002 
2912.000000	98.638390 
2911.000000	98.640630 
2910.000000	98.643562 
2909.000000	98.646464 
2908.000000	98.648733 
2907.000000	98.650255 
2906.000000	98.651577 
2905.000000	98.653703 
2904.000000	98.657144 
2903.000000	98.660938 
2902.000000	98.663287 
2901.000000	98.663768 
2900.000000	98.664427 
2899.000000	98.667719 
2898.000000	98.673581 
2897.000000	98.679395 
2896.000000	98.682859 
2895.000000	98.684087 
2894.000000	98.684781 
2893.000000	98.686292 
2892.000000	98.688824 
2891.000000	98.691924 
2890.000000	98.694995 
2889.000000	98.697454 
2888.000000	98.698968 
2887.000000	98.699711 
2886.000000	98.700353 
2885.000000	98.701622 
2884.000000	98.703825 
2883.000000	98.706745 
2882.000000	98.709847 
2881.000000	98.712677 
2880.000000	98.715111 
2879.000000	98.717275 
2878.000000	98.719307 
2877.000000	98.721262 
2876.000000	98.723237 
2875.000000	98.725416 
2874.000000	98.727866 
2873.000000	98.730406 
2872.000000	98.732827 
2871.000000	98.735172 
2870.000000	98.737625 
2869.000000	98.740145 
2868.000000	98.742435 
2867.000000	98.744351 
2866.000000	98.746205 
2865.000000	98.748434 
2864.000000	98.751099 
2863.000000	98.753889 
2862.000000	98.756561 
2861.000000	98.759215 
2860.000000	98.762004 
2859.000000	98.764752 
2858.000000	98.767063 
2857.000000	98.768784 
2856.000000	98.770168 
2855.000000	98.771631 
2854.000000	98.773445 
2853.000000	98.775729 
2852.000000	98.778545 
2851.000000	98.781827 
2850.000000	98.785287 
2849.000000	98.788555 
2848.000000	98.791427 
2847.000000	98.793921 
2846.000000	98.796195 
2845.000000	98.798501 
2844.000000	98.801119 
2843.000000	98.804167 
2842.000000	98.807459 
2841.000000	98.810598 
2840.000000	98.813333 
2839.000000	98.815746 
2838.000000	98.818132 
2837.000000	98.820703 
2836.000000	98.823440 
2835.000000	98.826179 
2834.000000	98.828784 
2833.000000	98.831233 
2832.000000	98.833629 
2831.000000	98.836118 
2830.000000	98.838745 
2829.000000	98.841374 
2828.000000	98.843794 
2827.000000	98.845934 
2826.000000	98.847957 
2825.000000	98.850152 
2824.000000	98.852716 
2823.000000	98.855630 
2822.000000	98.858618 
2821.000000	98.861287 
2820.000000	98.863411 
2819.000000	98.865060 
2818.000000	98.866504 
2817.000000	98.868025 
2816.000000	98.869798 
2815.000000	98.871903 
2814.000000	98.874294 
2813.000000	98.876730 
2812.000000	98.878913 
2811.000000	98.880754 
2810.000000	98.882460 
2809.000000	98.884342 
2808.000000	98.886524 
2807.000000	98.888894 
2806.000000	98.891245 
2805.000000	98.893429 
2804.000000	98.895381 
2803.000000	98.897162 
2802.000000	98.898990 
2801.000000	98.901110 
2800.000000	98.903530 
2799.000000	98.905924 
2798.000000	98.907923 
2797.000000	98.909429 
2796.000000	98.910627 
2795.000000	98.911733 
2794.000000	98.912863 
2793.000000	98.914117 
2792.000000	98.915616 
2791.000000	98.917425 
2790.000000	98.919486 
2789.000000	98.921679 
2788.000000	98.923898 
2787.000000	98.926031 
2786.000000	98.927938 
2785.000000	98.929560 
2784.000000	98.931016 
2783.000000	98.932532 
2782.000000	98.934225 
2781.000000	98.935981 
2780.000000	98.937587 
2779.000000	98.938943 
2778.000000	98.940121 
2777.000000	98.941299 
2776.000000	98.942637 
2775.000000	98.944179 
2774.000000	98.945858 
2773.000000	98.947584 
2772.000000	98.949353 
2771.000000	98.951215 
2770.000000	98.953138 
2769.000000	98.954970 
2768.000000	98.956590 
2767.000000	98.958042 
2766.000000	98.959479 
2765.000000	98.961019 
2764.000000	98.962642 
2763.000000	98.964260 
2762.000000	98.965796 
2761.000000	98.967259 
2760.000000	98.968703 
2759.000000	98.970164 
2758.000000	98.971630 
2757.000000	98.973074 
2756.000000	98.974498 
2755.000000	98.975918 
2754.000000	98.977336 
2753.000000	98.978737 
2752.000000	98.980111 
2751.000000	98.981459 
2750.000000	98.982788 
2749.000000	98.984103 
2748.000000	98.985409 
2747.000000	98.986708 
2746.000000	98.987997 
2745.000000	98.989273 
2744.000000	98.990537 
2743.000000	98.991792 
2742.000000	98.993047 
2741.000000	98.994306 
2740.000000	98.995567 
2739.000000	98.996826 
2738.000000	98.998080 
2737.000000	98.999327 
2736.000000	99.000565 
2735.000000	99.001788 
2734.000000	99.002987 
2733.000000	99.004161 
2732.000000	99.005311 
2731.000000	99.006446 
2730.000000	99.007571 
2729.000000	99.008691 
2728.000000	99.009807 
2727.000000	99.010923 
2726.000000	99.012041 
2725.000000	99.013160 
2724.000000	99.014278 
2723.000000	99.015392 
2722.000000	99.016504 
2721.000000	99.017617 
2720.000000	99.018734 
2719.000000	99.019850 
2718.000000	99.020956 
2717.000000	99.022042 
2716.000000	99.023106 
2715.000000	99.024154 
2714.000000	99.025190 
2713.000000	99.026224 
2712.000000	99.027245 
2711.000000	99.028203 
2710.000000	99.029100 
2709.000000	99.030054 
2708.000000	99.031194 
2707.000000	99.032489 
2706.000000	99.033706 
2705.000000	99.034649 
2704.000000	99.035459 
2703.000000	99.036616 
2702.000000	99.038435 
2701.000000	99.040532 
2700.000000	99.042069 
2699.000000	99.042697 
2698.000000	99.042970 
2697.000000	99.043674 
2696.000000	99.044849 
2695.000000	99.045887 
2694.000000	99.046376 
2693.000000	99.046541 
2692.000000	99.047015 
2691.000000	99.048463 
2690.000000	99.051211 
2689.000000	99.054790 
2688.000000	99.058009 
2687.000000	99.060053 
2686.000000	99.061330 
2685.000000	99.062717 
2684.000000	99.064088 
2683.000000	99.064346 
2682.000000	99.063055 
2681.000000	99.061145 
2680.000000	99.059611 
2679.000000	99.058425 
2678.000000	99.057196 
2677.000000	99.056257 
2676.000000	99.056472 
2675.000000	99.058145 
2674.000000	99.060647 
2673.000000	99.063148 
2672.000000	99.065463 
2671.000000	99.068143 
2670.000000	99.071743 
2669.000000	99.075966 
2668.000000	99.079610 
2667.000000	99.081729 
2666.000000	99.082755 
2665.000000	99.084070 
2664.000000	99.086356 
2663.000000	99.088890 
2662.000000	99.090706 
2661.000000	99.091862 
2660.000000	99.093049 
2659.000000	99.094386 
2658.000000	99.095324 
2657.000000	99.095663 
2656.000000	99.096025 
2655.000000	99.097098 
2654.000000	99.098803 
2653.000000	99.100406 
2652.000000	99.101249 
2651.000000	99.101257 
2650.000000	99.100929 
2649.000000	99.100928 
2648.000000	99.101543 
2647.000000	99.102470 
2646.000000	99.103205 
2645.000000	99.103631 
2644.000000	99.104114 
2643.000000	99.105002 
2642.000000	99.106216 
2641.000000	99.107364 
2640.000000	99.108151 
2639.000000	99.108634 
2638.000000	99.109058 
2637.000000	99.109662 
2636.000000	99.110473 
2635.000000	99.111376 
2634.000000	99.112252 
2633.000000	99.113059 
2632.000000	99.113819 
2631.000000	99.114559 
2630.000000	99.115281 
2629.000000	99.115964 
2628.000000	99.116593 
2627.000000	99.117183 
2626.000000	99.117764 
2625.000000	99.118346 
2624.000000	99.118896 
2623.000000	99.119380 
2622.000000	99.119806 
2621.000000	99.120223 
2620.000000	99.120677 
2619.000000	99.121181 
2618.000000	99.121720 
2617.000000	99.122260 
2616.000000	99.122730 
2615.000000	99.123037 
2614.000000	99.123159 
2613.000000	99.123218 
2612.000000	99.123395 
2611.000000	99.123791 
2610.000000	99.124404 
2609.000000	99.125173 
2608.000000	99.126007 
2607.000000	99.126876 
2606.000000	99.127902 
2605.000000	99.129204 
2604.000000	99.130598 
2603.000000	99.131684 
2602.000000	99.132341 
2601.000000	99.132877 
2600.000000	99.133427 
2599.000000	99.133601 
2598.000000	99.133093 
2597.000000	99.132396 
2596.000000	99.132525 
2595.000000	99.134008 
2594.000000	99.136500 
2593.000000	99.139048 
2592.000000	99.140647 
2591.000000	99.140691 
2590.000000	99.139302 
2589.000000	99.137416 
2588.000000	99.136115 
2587.000000	99.135787 
2586.000000	99.136055 
2585.000000	99.136283 
2584.000000	99.136043 
2583.000000	99.135314 
2582.000000	99.134522 
2581.000000	99.134295 
2580.000000	99.134896 
2579.000000	99.135960 
2578.000000	99.137025 
2577.000000	99.138113 
2576.000000	99.139484 
2575.000000	99.141003 
2574.000000	99.142203 
2573.000000	99.142939 
2572.000000	99.143605 
2571.000000	99.144623 
2570.000000	99.145981 
2569.000000	99.147302 
2568.000000	99.148157 
2567.000000	99.148317 
2566.000000	99.147886 
2565.000000	99.147296 
2564.000000	99.147004 
2563.000000	99.147109 
2562.000000	99.147425 
2561.000000	99.147859 
2560.000000	99.148540 
2559.000000	99.149493 
2558.000000	99.150429 
2557.000000	99.150993 
2556.000000	99.151173 
2555.000000	99.151302 
2554.000000	99.151701 
2553.000000	99.152337 
2552.000000	99.152920 
2551.000000	99.153277 
2550.000000	99.153517 
2549.000000	99.153854 
2548.000000	99.154374 
2547.000000	99.154995 
2546.000000	99.155594 
2545.000000	99.156146 
2544.000000	99.156710 
2543.000000	99.157329 
2542.000000	99.157994 
2541.000000	99.158670 
2540.000000	99.159325 
2539.000000	99.159942 
2538.000000	99.160514 
2537.000000	99.161032 
2536.000000	99.161498 
2535.000000	99.161921 
2534.000000	99.162328 
2533.000000	99.162750 
2532.000000	99.163213 
2531.000000	99.163714 
2530.000000	99.164211 
2529.000000	99.164664 
2528.000000	99.165077 
2527.000000	99.165490 
2526.000000	99.165945 
2525.000000	99.166446 
2524.000000	99.166969 
2523.000000	99.167493 
2522.000000	99.168030 
2521.000000	99.168585 
2520.000000	99.169110 
2519.000000	99.169538 
2518.000000	99.169873 
2517.000000	99.170228 
2516.000000	99.170708 
2515.000000	99.171285 
2514.000000	99.171851 
2513.000000	99.172358 
2512.000000	99.172869 
2511.000000	99.173463 
2510.000000	99.174166 
2509.000000	99.174940 
2508.000000	99.175667 
2507.000000	99.176208 
2506.000000	99.176589 
2505.000000	99.177122 
2504.000000	99.178155 
2503.000000	99.179656 
2502.000000	99.181048 
2501.000000	99.181748 
2500.000000	99.181721 
2499.000000	99.181417 
2498.000000	99.181320 
2497.000000	99.181569 
2496.000000	99.182002 
2495.000000	99.182363 
2494.000000	99.182498 
2493.000000	99.182509 
2492.000000	99.182693 
2491.000000	99.183235 
2490.000000	99.184003 
2489.000000	99.184690 
2488.000000	99.185141 
2487.000000	99.185449 
2486.000000	99.185796 
2485.000000	99.186306 
2484.000000	99.187015 
2483.000000	99.187845 
2482.000000	99.188597 
2481.000000	99.189100 
2480.000000	99.189369 
2479.000000	99.189608 
2478.000000	99.190054 
2477.000000	99.190833 
2476.000000	99.191929 
2475.000000	99.193155 
2474.000000	99.194195 
2473.000000	99.194819 
2472.000000	99.195091 
2471.000000	99.195326 
2470.000000	99.195792 
2469.000000	99.196451 
2468.000000	99.197058 
2467.000000	99.197458 
2466.000000	99.197725 
2465.000000	99.198020 
2464.000000	99.198366 
2463.000000	99.198638 
2462.000000	99.198745 
2461.000000	99.198780 
2460.000000	99.198946 
2459.000000	99.199337 
2458.000000	99.199879 
2457.000000	99.200432 
2456.000000	99.200896 
2455.000000	99.201273 
2454.000000	99.201613 
2453.000000	99.201959 
2452.000000	99.202312 
2451.000000	99.202665 
2450.000000	99.203026 
2449.000000	99.203403 
2448.000000	99.203789 
2447.000000	99.204168 
2446.000000	99.204540 
2445.000000	99.204915 
2444.000000	99.205292 
2443.000000	99.205653 
2442.000000	99.205980 
2441.000000	99.206271 
2440.000000	99.206535 
2439.000000	99.206787 
2438.000000	99.207041 
2437.000000	99.207297 
2436.000000	99.207551 
2435.000000	99.207800 
2434.000000	99.208040 
2433.000000	99.208270 
2432.000000	99.208492 
2431.000000	99.208714 
2430.000000	99.208941 
2429.000000	99.209183 
2428.000000	99.209446 
2427.000000	99.209736 
2426.000000	99.210052 
2425.000000	99.210390 
2424.000000	99.210741 
2423.000000	99.211099 
2422.000000	99.211465 
2421.000000	99.211845 
2420.000000	99.212235 
2419.000000	99.212616 
2418.000000	99.212977 
2417.000000	99.213328 
2416.000000	99.213704 
2415.000000	99.214124 
2414.000000	99.214578 
2413.000000	99.215049 
2412.000000	99.215529 
2411.000000	99.216021 
2410.000000	99.216532 
2409.000000	99.217078 
2408.000000	99.217680 
2407.000000	99.218340 
2406.000000	99.219032 
2405.000000	99.219696 
2404.000000	99.220280 
2403.000000	99.220777 
2402.000000	99.221242 
2401.000000	99.221753 
2400.000000	99.222353 
2399.000000	99.223012 
2398.000000	99.223655 
2397.000000	99.224237 
2396.000000	99.224790 
2395.000000	99.225398 
2394.000000	99.226113 
2393.000000	99.226911 
2392.000000	99.227713 
2391.000000	99.228466 
2390.000000	99.229184 
2389.000000	99.229902 
2388.000000	99.230629 
2387.000000	99.231350 
2386.000000	99.232059 
2385.000000	99.232753 
2384.000000	99.233435 
2383.000000	99.234093 
2382.000000	99.234725 
2381.000000	99.235334 
2380.000000	99.235923 
2379.000000	99.236490 
2378.000000	99.237033 
2377.000000	99.237553 
2376.000000	99.238060 
2375.000000	99.238564 
2374.000000	99.239070 
2373.000000	99.239577 
2372.000000	99.240071 
2371.000000	99.240537 
2370.000000	99.240957 
2369.000000	99.241327 
2368.000000	99.241650 
2367.000000	99.241929 
2366.000000	99.242163 
2365.000000	99.242343 
2364.000000	99.242471 
2363.000000	99.242561 
2362.000000	99.242632 
2361.000000	99.242701 
2360.000000	99.242769 
2359.000000	99.242822 
2358.000000	99.242843 
2357.000000	99.242827 
2356.000000	99.242782 
2355.000000	99.242721 
2354.000000	99.242642 
2353.000000	99.242538 
2352.000000	99.242399 
2351.000000	99.242216 
2350.000000	99.241989 
2349.000000	99.241730 
2348.000000	99.241462 
2347.000000	99.241209 
2346.000000	99.240980 
2345.000000	99.240758 
2344.000000	99.240521 
2343.000000	99.240251 
2342.000000	99.239948 
2341.000000	99.239624 
2340.000000	99.239301 
2339.000000	99.238991 
2338.000000	99.238699 
2337.000000	99.238424 
2336.000000	99.238165 
2335.000000	99.237920 
2334.000000	99.237680 
2333.000000	99.237429 
2332.000000	99.237152 
2331.000000	99.236841 
2330.000000	99.236504 
2329.000000	99.236164 
2328.000000	99.235850 
2327.000000	99.235584 
2326.000000	99.235368 
2325.000000	99.235189 
2324.000000	99.235033 
2323.000000	99.234901 
2322.000000	99.234799 
2321.000000	99.234732 
2320.000000	99.234698 
2319.000000	99.234689 
2318.000000	99.234693 
2317.000000	99.234706 
2316.000000	99.234727 
2315.000000	99.234766 
2314.000000	99.234828 
2313.000000	99.234914 
2312.000000	99.235023 
2311.000000	99.235155 
2310.000000	99.235308 
2309.000000	99.235482 
2308.000000	99.235675 
2307.000000	99.235885 
2306.000000	99.236106 
2305.000000	99.236327 
2304.000000	99.236534 
2303.000000	99.236727 
2302.000000	99.236916 
2301.000000	99.237119 
2300.000000	99.237351 
2299.000000	99.237614 
2298.000000	99.237903 
2297.000000	99.238201 
2296.000000	99.238497 
2295.000000	99.238786 
2294.000000	99.239070 
2293.000000	99.239351 
2292.000000	99.239632 
2291.000000	99.239916 
2290.000000	99.240209 
2289.000000	99.240513 
2288.000000	99.240824 
2287.000000	99.241132 
2286.000000	99.241423 
2285.000000	99.241687 
2284.000000	99.241917 
2283.000000	99.242118 
2282.000000	99.242297 
2281.000000	99.242464 
2280.000000	99.242627 
2279.000000	99.242788 
2278.000000	99.242950 
2277.000000	99.243105 
2276.000000	99.243246 
2275.000000	99.243372 
2274.000000	99.243488 
2273.000000	99.243601 
2272.000000	99.243713 
2271.000000	99.243820 
2270.000000	99.243916 
2269.000000	99.243995 
2268.000000	99.244056 
2267.000000	99.244108 
2266.000000	99.244159 
2265.000000	99.244219 
2264.000000	99.244284 
2263.000000	99.244347 
2262.000000	99.244404 
2261.000000	99.244455 
2260.000000	99.244506 
2259.000000	99.244560 
2258.000000	99.244613 
2257.000000	99.244660 
2256.000000	99.244695 
2255.000000	99.244719 
2254.000000	99.244739 
2253.000000	99.244764 
2252.000000	99.244799 
2251.000000	99.244846 
2250.000000	99.244901 
2249.000000	99.244962 
2248.000000	99.245025 
2247.000000	99.245092 
2246.000000	99.245171 
2245.000000	99.245275 
2244.000000	99.245411 
2243.000000	99.245582 
2242.000000	99.245783 
2241.000000	99.246004 
2240.000000	99.246241 
2239.000000	99.246488 
2238.000000	99.246741 
2237.000000	99.246994 
2236.000000	99.247242 
2235.000000	99.247487 
2234.000000	99.247732 
2233.000000	99.247988 
2232.000000	99.248257 
2231.000000	99.248538 
2230.000000	99.248821 
2229.000000	99.249104 
2228.000000	99.249383 
2227.000000	99.249661 
2226.000000	99.249937 
2225.000000	99.250213 
2224.000000	99.250487 
2223.000000	99.250757 
2222.000000	99.251022 
2221.000000	99.251288 
2220.000000	99.251560 
2219.000000	99.251841 
2218.000000	99.252132 
2217.000000	99.252430 
2216.000000	99.252733 
2215.000000	99.253035 
2214.000000	99.253327 
2213.000000	99.253605 
2212.000000	99.253870 
2211.000000	99.254121 
2210.000000	99.254361 
2209.000000	99.254591 
2208.000000	99.254812 
2207.000000	99.255027 
2206.000000	99.255237 
2205.000000	99.255446 
2204.000000	99.255659 
2203.000000	99.255873 
2202.000000	99.256080 
2201.000000	99.256266 
2200.000000	99.256425 
2199.000000	99.256560 
2198.000000	99.256681 
2197.000000	99.256799 
2196.000000	99.256922 
2195.000000	99.257055 
2194.000000	99.257196 
2193.000000	99.257339 
2192.000000	99.257476 
2191.000000	99.257604 
2190.000000	99.257722 
2189.000000	99.257838 
2188.000000	99.257956 
2187.000000	99.258077 
2186.000000	99.258195 
2185.000000	99.258306 
2184.000000	99.258415 
2183.000000	99.258526 
2182.000000	99.258641 
2181.000000	99.258755 
2180.000000	99.258867 
2179.000000	99.258980 
2178.000000	99.259097 
2177.000000	99.259219 
2176.000000	99.259344 
2175.000000	99.259471 
2174.000000	99.259595 
2173.000000	99.259716 
2172.000000	99.259837 
2171.000000	99.259965 
2170.000000	99.260107 
2169.000000	99.260265 
2168.000000	99.260438 
2167.000000	99.260615 
2166.000000	99.260790 
2165.000000	99.260959 
2164.000000	99.261126 
2163.000000	99.261296 
2162.000000	99.261473 
2161.000000	99.261652 
2160.000000	99.261828 
2159.000000	99.261996 
2158.000000	99.262160 
2157.000000	99.262326 
2156.000000	99.262498 
2155.000000	99.262674 
2154.000000	99.262850 
2153.000000	99.263015 
2152.000000	99.263163 
2151.000000	99.263292 
2150.000000	99.263412 
2149.000000	99.263534 
2148.000000	99.263666 
2147.000000	99.263805 
2146.000000	99.263940 
2145.000000	99.264064 
2144.000000	99.264179 
2143.000000	99.264298 
2142.000000	99.264429 
2141.000000	99.264574 
2140.000000	99.264730 
2139.000000	99.264891 
2138.000000	99.265055 
2137.000000	99.265217 
2136.000000	99.265374 
2135.000000	99.265521 
2134.000000	99.265656 
2133.000000	99.265775 
2132.000000	99.265877 
2131.000000	99.265967 
2130.000000	99.266046 
2129.000000	99.266120 
2128.000000	99.266192 
2127.000000	99.266262 
2126.000000	99.266330 
2125.000000	99.266396 
2124.000000	99.266460 
2123.000000	99.266528 
2122.000000	99.266600 
2121.000000	99.266676 
2120.000000	99.266752 
2119.000000	99.266818 
2118.000000	99.266867 
2117.000000	99.266903 
2116.000000	99.266936 
2115.000000	99.266975 
2114.000000	99.267018 
2113.000000	99.267056 
2112.000000	99.267084 
2111.000000	99.267097 
2110.000000	99.267098 
2109.000000	99.267094 
2108.000000	99.267092 
2107.000000	99.267095 
2106.000000	99.267103 
2105.000000	99.267111 
2104.000000	99.267119 
2103.000000	99.267133 
2102.000000	99.267159 
2101.000000	99.267201 
2100.000000	99.267251 
2099.000000	99.267299 
2098.000000	99.267336 
2097.000000	99.267356 
2096.000000	99.267362 
2095.000000	99.267359 
2094.000000	99.267352 
2093.000000	99.267346 
2092.000000	99.267347 
2091.000000	99.267348 
2090.000000	99.267320 
2089.000000	99.267229 
2088.000000	99.267101 
2087.000000	99.267028 
2086.000000	99.267067 
2085.000000	99.267166 
2084.000000	99.267242 
2083.000000	99.267307 
2082.000000	99.267439 
2081.000000	99.267660 
2080.000000	99.267892 
2079.000000	99.268027 
2078.000000	99.267985 
2077.000000	99.267742 
2076.000000	99.267387 
2075.000000	99.267107 
2074.000000	99.267050 
2073.000000	99.267198 
2072.000000	99.267369 
2071.000000	99.267338 
2070.000000	99.267003 
2069.000000	99.266495 
2068.000000	99.266167 
2067.000000	99.266300 
2066.000000	99.266825 
2065.000000	99.267359 
2064.000000	99.267630 
2063.000000	99.267760 
2062.000000	99.268004 
2061.000000	99.268353 
2060.000000	99.268545 
2059.000000	99.268383 
2058.000000	99.267868 
2057.000000	99.267141 
2056.000000	99.266416 
2055.000000	99.265904 
2054.000000	99.265719 
2053.000000	99.265815 
2052.000000	99.266013 
2051.000000	99.266062 
2050.000000	99.265783 
2049.000000	99.265204 
2048.000000	99.264565 
2047.000000	99.264114 
2046.000000	99.263882 
2045.000000	99.263746 
2044.000000	99.263626 
2043.000000	99.263517 
2042.000000	99.263369 
2041.000000	99.263065 
2040.000000	99.262568 
2039.000000	99.262016 
2038.000000	99.261571 
2037.000000	99.261249 
2036.000000	99.260938 
2035.000000	99.260542 
2034.000000	99.260066 
2033.000000	99.259581 
2032.000000	99.259167 
2031.000000	99.258840 
2030.000000	99.258496 
2029.000000	99.257997 
2028.000000	99.257358 
2027.000000	99.256773 
2026.000000	99.256372 
2025.000000	99.256064 
2024.000000	99.255705 
2023.000000	99.255301 
2022.000000	99.254954 
2021.000000	99.254679 
2020.000000	99.254421 
2019.000000	99.254196 
2018.000000	99.254033 
2017.000000	99.253842 
2016.000000	99.253512 
2015.000000	99.253073 
2014.000000	99.252668 
2013.000000	99.252380 
2012.000000	99.252194 
2011.000000	99.252105 
2010.000000	99.252094 
2009.000000	99.252054 
2008.000000	99.251878 
2007.000000	99.251613 
2006.000000	99.251402 
2005.000000	99.251276 
2004.000000	99.251135 
2003.000000	99.250937 
2002.000000	99.250824 
2001.000000	99.250944 
2000.000000	99.251246 
1999.000000	99.251542 
1998.000000	99.251738 
1997.000000	99.251895 
1996.000000	99.252105 
1995.000000	99.252378 
1994.000000	99.252668 
1993.000000	99.252945 
1992.000000	99.253223 
1991.000000	99.253517 
1990.000000	99.253824 
1989.000000	99.254134 
1988.000000	99.254444 
1987.000000	99.254749 
1986.000000	99.255048 
1985.000000	99.255347 
1984.000000	99.255655 
1983.000000	99.255979 
1982.000000	99.256326 
1981.000000	99.256698 
1980.000000	99.257097 
1979.000000	99.257523 
1978.000000	99.257971 
1977.000000	99.258428 
1976.000000	99.258882 
1975.000000	99.259321 
1974.000000	99.259747 
1973.000000	99.260169 
1972.000000	99.260599 
1971.000000	99.261044 
1970.000000	99.261500 
1969.000000	99.261956 
1968.000000	99.262404 
1967.000000	99.262842 
1966.000000	99.263271 
1965.000000	99.263692 
1964.000000	99.264098 
1963.000000	99.264480 
1962.000000	99.264832 
1961.000000	99.265143 
1960.000000	99.265399 
1959.000000	99.265601 
1958.000000	99.265789 
1957.000000	99.266012 
1956.000000	99.266262 
1955.000000	99.266425 
1954.000000	99.266365 
1953.000000	99.266071 
1952.000000	99.265740 
1951.000000	99.265626 
1950.000000	99.265837 
1949.000000	99.266253 
1948.000000	99.266632 
1947.000000	99.266749 
1946.000000	99.266482 
1945.000000	99.265947 
1944.000000	99.265588 
1943.000000	99.265955 
1942.000000	99.267187 
1941.000000	99.268794 
1940.000000	99.270065 
1939.000000	99.270465 
1938.000000	99.269647 
1937.000000	99.267712 
1936.000000	99.265619 
1935.000000	99.264714 
1934.000000	99.265417 
1933.000000	99.266753 
1932.000000	99.267431 
1931.000000	99.267205 
1930.000000	99.266716 
1929.000000	99.266248 
1928.000000	99.265556 
1927.000000	99.264399 
1926.000000	99.262727 
1925.000000	99.260465 
1924.000000	99.257712 
1923.000000	99.255203 
1922.000000	99.253712 
1921.000000	99.252949 
1920.000000	99.251941 
1919.000000	99.250248 
1918.000000	99.248365 
1917.000000	99.246884 
1916.000000	99.245988 
1915.000000	99.245887 
1914.000000	99.246547 
1913.000000	99.247038 
1912.000000	99.246040 
1911.000000	99.243258 
1910.000000	99.239620 
1909.000000	99.235842 
1908.000000	99.231612 
1907.000000	99.226068 
1906.000000	99.219030 
1905.000000	99.211565 
1904.000000	99.205482 
1903.000000	99.202197 
1902.000000	99.201321 
1901.000000	99.200641 
1900.000000	99.198537 
1899.000000	99.195818 
1898.000000	99.194360 
1897.000000	99.194276 
1896.000000	99.193496 
1895.000000	99.190474 
1894.000000	99.186099 
1893.000000	99.182380 
1892.000000	99.180361 
1891.000000	99.179785 
1890.000000	99.179843 
1889.000000	99.179749 
1888.000000	99.179049 
1887.000000	99.177883 
1886.000000	99.176591 
1885.000000	99.175013 
1884.000000	99.172526 
1883.000000	99.168971 
1882.000000	99.165350 
1881.000000	99.163612 
1880.000000	99.165615 
1879.000000	99.171152 
1878.000000	99.176737 
1877.000000	99.177923 
1876.000000	99.173757 
1875.000000	99.167967 
1874.000000	99.164852 
1873.000000	99.164931 
1872.000000	99.165954 
1871.000000	99.166947 
1870.000000	99.169121 
1869.000000	99.172735 
1868.000000	99.175647 
1867.000000	99.176695 
1866.000000	99.177538 
1865.000000	99.179704 
1864.000000	99.182614 
1863.000000	99.185248 
1862.000000	99.188064 
1861.000000	99.192293 
1860.000000	99.198354 
1859.000000	99.205644 
1858.000000	99.212880 
1857.000000	99.218235 
1856.000000	99.220725 
1855.000000	99.221964 
1854.000000	99.225231 
1853.000000	99.231712 
1852.000000	99.239112 
1851.000000	99.244202 
1850.000000	99.245767 
1849.000000	99.245048 
1848.000000	99.244325 
1847.000000	99.245316 
1846.000000	99.248069 
1845.000000	99.250995 
1844.000000	99.252690 
1843.000000	99.254075 
1842.000000	99.257290 
1841.000000	99.262425 
1840.000000	99.266885 
1839.000000	99.268067 
1838.000000	99.266275 
1837.000000	99.264060 
1836.000000	99.263093 
1835.000000	99.263219 
1834.000000	99.264156 
1833.000000	99.266289 
1832.000000	99.269476 
1831.000000	99.271826 
1830.000000	99.271114 
1829.000000	99.267617 
1828.000000	99.263943 
1827.000000	99.262126 
1826.000000	99.262235 
1825.000000	99.263244 
1824.000000	99.264139 
1823.000000	99.264639 
1822.000000	99.265246 
1821.000000	99.266509 
1820.000000	99.268248 
1819.000000	99.269511 
1818.000000	99.269522 
1817.000000	99.268433 
1816.000000	99.267109 
1815.000000	99.266442 
1814.000000	99.266768 
1813.000000	99.267871 
1812.000000	99.269053 
1811.000000	99.269418 
1810.000000	99.268537 
1809.000000	99.266708 
1808.000000	99.264662 
1807.000000	99.263204 
1806.000000	99.262902 
1805.000000	99.263824 
1804.000000	99.265332 
1803.000000	99.266330 
1802.000000	99.265935 
1801.000000	99.264183 
1800.000000	99.262072 
1799.000000	99.260595 
1798.000000	99.259782 
1797.000000	99.258799 
1796.000000	99.257005 
1795.000000	99.254915 
1794.000000	99.253888 
1793.000000	99.254953 
1792.000000	99.257556 
1791.000000	99.260084 
1790.000000	99.261993 
1789.000000	99.263897 
1788.000000	99.265885 
1787.000000	99.267046 
1786.000000	99.266572 
1785.000000	99.264818 
1784.000000	99.262918 
1783.000000	99.261952 
1782.000000	99.262025 
1781.000000	99.262546 
1780.000000	99.262874 
1779.000000	99.262559 
1778.000000	99.261481 
1777.000000	99.259455 
1776.000000	99.256348 
1775.000000	99.252211 
1774.000000	99.247507 
1773.000000	99.244360 
1772.000000	99.245629 
1771.000000	99.251085 
1770.000000	99.258113 
1769.000000	99.264753 
1768.000000	99.269577 
1767.000000	99.271750 
1766.000000	99.271651 
1765.000000	99.270751 
1764.000000	99.269894 
1763.000000	99.268691 
1762.000000	99.266865 
1761.000000	99.265364 
1760.000000	99.264754 
1759.000000	99.264509 
1758.000000	99.263603 
1757.000000	99.261386 
1756.000000	99.258770 
1755.000000	99.256923 
1754.000000	99.256123 
1753.000000	99.255647 
1752.000000	99.254378 
1751.000000	99.251501 
1750.000000	99.246843 
1749.000000	99.240636 
1748.000000	99.233139 
1747.000000	99.224543 
1746.000000	99.215337 
1745.000000	99.207335 
1744.000000	99.202111 
1743.000000	99.198681 
1742.000000	99.194820 
1741.000000	99.190280 
1740.000000	99.186080 
1739.000000	99.181644 
1738.000000	99.175878 
1737.000000	99.170269 
1736.000000	99.166701 
1735.000000	99.164404 
1734.000000	99.160226 
1733.000000	99.152082 
1732.000000	99.143312 
1731.000000	99.139052 
1730.000000	99.139219 
1729.000000	99.139425 
1728.000000	99.136705 
1727.000000	99.131154 
1726.000000	99.123323 
1725.000000	99.114408 
1724.000000	99.107097 
1723.000000	99.103265 
1722.000000	99.101287 
1721.000000	99.097492 
1720.000000	99.089867 
1719.000000	99.079478 
1718.000000	99.070090 
1717.000000	99.063972 
1716.000000	99.058000 
1715.000000	99.049411 
1714.000000	99.039594 
1713.000000	99.030551 
1712.000000	99.022453 
1711.000000	99.014117 
1710.000000	99.004070 
1709.000000	98.992105 
1708.000000	98.980411 
1707.000000	98.970786 
1706.000000	98.961359 
1705.000000	98.949184 
1704.000000	98.935878 
1703.000000	98.925535 
1702.000000	98.916926 
1701.000000	98.903678 
1700.000000	98.883660 
1699.000000	98.864403 
1698.000000	98.853968 
1697.000000	98.850198 
1696.000000	98.842518 
1695.000000	98.824137 
1694.000000	98.799058 
1693.000000	98.775800 
1692.000000	98.758519 
1691.000000	98.745917 
1690.000000	98.734605 
1689.000000	98.721861 
1688.000000	98.707494 
1687.000000	98.691475 
1686.000000	98.671374 
1685.000000	98.645645 
1684.000000	98.619154 
1683.000000	98.598412 
1682.000000	98.582041 
1681.000000	98.565763 
1680.000000	98.547940 
1679.000000	98.529890 
1678.000000	98.513583 
1677.000000	98.498789 
1676.000000	98.483395 
1675.000000	98.465602 
1674.000000	98.444451 
1673.000000	98.420896 
1672.000000	98.396711 
1671.000000	98.372509 
1670.000000	98.349194 
1669.000000	98.329840 
1668.000000	98.317314 
1667.000000	98.310480 
1666.000000	98.305301 
1665.000000	98.298596 
1664.000000	98.289483 
1663.000000	98.278762 
1662.000000	98.266427 
1661.000000	98.252217 
1660.000000	98.238079 
1659.000000	98.225409 
1658.000000	98.212431 
1657.000000	98.196602 
1656.000000	98.177149 
1655.000000	98.153262 
1654.000000	98.129446 
1653.000000	98.120686 
1652.000000	98.123358 
1651.000000	98.119513 
1650.000000	98.110299 
1649.000000	98.103141 
1648.000000	98.099893 
1647.000000	98.099712 
1646.000000	98.099982 
1645.000000	98.098159 
1644.000000	98.094849 
1643.000000	98.091940 
1642.000000	98.088015 
1641.000000	98.080549 
1640.000000	98.071165 
1639.000000	98.063501 
1638.000000	98.058266 
1637.000000	98.054250 
1636.000000	98.054720 
1635.000000	98.062358 
1634.000000	98.069777 
1633.000000	98.070943 
1632.000000	98.069393 
1631.000000	98.071172 
1630.000000	98.078659 
1629.000000	98.089985 
1628.000000	98.102385 
1627.000000	98.115037 
1626.000000	98.127359 
1625.000000	98.138055 
1624.000000	98.146682 
1623.000000	98.153378 
1622.000000	98.156882 
1621.000000	98.156890 
1620.000000	98.157773 
1619.000000	98.165452 
1618.000000	98.182411 
1617.000000	98.204994 
1616.000000	98.225366 
1615.000000	98.239510 
1614.000000	98.249362 
1613.000000	98.256841 
1612.000000	98.262246 
1611.000000	98.267077 
1610.000000	98.273480 
1609.000000	98.282214 
1608.000000	98.293746 
1607.000000	98.309252 
1606.000000	98.327738 
1605.000000	98.345272 
1604.000000	98.358888 
1603.000000	98.368818 
1602.000000	98.376849 
1601.000000	98.384204 
1600.000000	98.391780 
1599.000000	98.400719 
1598.000000	98.411195 
1597.000000	98.421860 
1596.000000	98.431427 
1595.000000	98.440137 
1594.000000	98.448976 
1593.000000	98.458390 
1592.000000	98.468543 
1591.000000	98.479790 
1590.000000	98.491975 
1589.000000	98.504190 
1588.000000	98.515992 
1587.000000	98.527829 
1586.000000	98.539763 
1585.000000	98.550510 
1584.000000	98.559280 
1583.000000	98.567107 
1582.000000	98.575609 
1581.000000	98.585427 
1580.000000	98.596371 
1579.000000	98.607872 
1578.000000	98.618539 
1577.000000	98.626673 
1576.000000	98.632086 
1575.000000	98.636501 
1574.000000	98.641565 
1573.000000	98.647826 
1572.000000	98.655036 
1571.000000	98.663020 
1570.000000	98.672223 
1569.000000	98.682412 
1568.000000	98.692483 
1567.000000	98.701674 
1566.000000	98.709878 
1565.000000	98.717084 
1564.000000	98.723688 
1563.000000	98.730281 
1562.000000	98.737116 
1561.000000	98.743708 
1560.000000	98.750993 
1559.000000	98.760253 
1558.000000	98.769743 
1557.000000	98.777279 
1556.000000	98.783697 
1555.000000	98.790344 
1554.000000	98.797518 
1553.000000	98.804925 
1552.000000	98.812206 
1551.000000	98.819184 
1550.000000	98.826005 
1549.000000	98.833048 
1548.000000	98.840476 
1547.000000	98.848070 
1546.000000	98.855467 
1545.000000	98.862524 
1544.000000	98.869537 
1543.000000	98.876914 
1542.000000	98.884749 
1541.000000	98.892755 
1540.000000	98.900430 
1539.000000	98.907606 
1538.000000	98.914463 
1537.000000	98.921230 
1536.000000	98.928017 
1535.000000	98.934773 
1534.000000	98.941511 
1533.000000	98.948545 
1532.000000	98.955814 
1531.000000	98.962713 
1530.000000	98.969102 
1529.000000	98.975472 
1528.000000	98.982139 
1527.000000	98.989053 
1526.000000	98.996427 
1525.000000	99.005015 
1524.000000	99.015271 
1523.000000	99.026244 
1522.000000	99.035582 
1521.000000	99.041751 
1520.000000	99.045782 
1519.000000	99.049975 
1518.000000	99.056041 
1517.000000	99.064161 
1516.000000	99.073627 
1515.000000	99.083812 
1514.000000	99.093963 
1513.000000	99.103259 
1512.000000	99.111028 
1511.000000	99.117343 
1510.000000	99.123093 
1509.000000	99.129099 
1508.000000	99.137126 
1507.000000	99.151148 
1506.000000	99.169982 
1505.000000	99.181550 
1504.000000	99.182266 
1503.000000	99.180263 
1502.000000	99.182365 
1501.000000	99.190784 
1500.000000	99.204339 
1499.000000	99.219072 
1498.000000	99.229668 
1497.000000	99.234213 
1496.000000	99.236514 
1495.000000	99.241382 
1494.000000	99.249154 
1493.000000	99.256951 
1492.000000	99.262020 
1491.000000	99.264057 
1490.000000	99.265467 
1489.000000	99.268498 
1488.000000	99.272293 
1487.000000	99.274447 
1486.000000	99.273605 
1485.000000	99.269328 
1484.000000	99.263544 
1483.000000	99.259955 
1482.000000	99.260795 
1481.000000	99.264898 
1480.000000	99.269106 
1479.000000	99.271487 
1478.000000	99.271681 
1477.000000	99.269750 
1476.000000	99.265737 
1475.000000	99.259977 
1474.000000	99.252506 
1473.000000	99.243732 
1472.000000	99.235421 
1471.000000	99.228101 
1470.000000	99.220500 
1469.000000	99.212504 
1468.000000	99.205674 
1467.000000	99.201791 
1466.000000	99.200259 
1465.000000	99.196859 
1464.000000	99.187971 
1463.000000	99.174001 
1462.000000	99.157689 
1461.000000	99.141473 
1460.000000	99.127600 
1459.000000	99.118022 
1458.000000	99.113196 
1457.000000	99.111536 
1456.000000	99.109527 
1455.000000	99.105493 
1454.000000	99.102742 
1453.000000	99.104381 
1452.000000	99.109170 
1451.000000	99.113154 
1450.000000	99.112464 
1449.000000	99.105502 
1448.000000	99.093943 
1447.000000	99.082393 
1446.000000	99.073381 
1445.000000	99.065231 
1444.000000	99.055863 
1443.000000	99.045449 
1442.000000	99.036288 
1441.000000	99.030607 
1440.000000	99.029086 
1439.000000	99.030024 
1438.000000	99.029570 
1437.000000	99.024005 
1436.000000	99.013627 
1435.000000	99.002290 
1434.000000	98.993209 
1433.000000	98.986988 
1432.000000	98.982005 
1431.000000	98.976024 
1430.000000	98.968184 
1429.000000	98.960401 
1428.000000	98.955928 
1427.000000	98.956614 
1426.000000	98.960916 
1425.000000	98.964824 
1424.000000	98.965556 
1423.000000	98.963476 
1422.000000	98.960620 
1421.000000	98.958309 
1420.000000	98.957717 
1419.000000	98.960043 
1418.000000	98.964186 
1417.000000	98.967710 
1416.000000	98.969995 
1415.000000	98.971523 
1414.000000	98.972380 
1413.000000	98.972997 
1412.000000	98.974893 
1411.000000	98.979213 
1410.000000	98.984562 
1409.000000	98.987610 
1408.000000	98.986040 
1407.000000	98.981654 
1406.000000	98.980063 
1405.000000	98.986310 
1404.000000	98.999980 
1403.000000	99.014709 
1402.000000	99.024642 
1401.000000	99.029420 
1400.000000	99.032802 
1399.000000	99.038559 
1398.000000	99.046832 
1397.000000	99.054946 
1396.000000	99.061066 
1395.000000	99.066114 
1394.000000	99.072178 
1393.000000	99.079868 
1392.000000	99.088271 
1391.000000	99.096358 
1390.000000	99.103448 
1389.000000	99.109122 
1388.000000	99.113430 
1387.000000	99.117340 
1386.000000	99.122159 
1385.000000	99.128097 
1384.000000	99.133990 
1383.000000	99.138151 
1382.000000	99.139807 
1381.000000	99.139672 
1380.000000	99.139132 
1379.000000	99.139729 
1378.000000	99.142947 
1377.000000	99.149385 
1376.000000	99.157815 
1375.000000	99.165553 
1374.000000	99.170506 
1373.000000	99.173246 
1372.000000	99.176217 
1371.000000	99.181443 
1370.000000	99.189154 
1369.000000	99.197560 
1368.000000	99.204015 
1367.000000	99.206979 
1366.000000	99.207251 
1365.000000	99.207227 
1364.000000	99.208898 
1363.000000	99.212741 
1362.000000	99.218036 
1361.000000	99.223461 
1360.000000	99.227586 
1359.000000	99.229885 
1358.000000	99.231728 
1357.000000	99.235714 
1356.000000	99.243060 
1355.000000	99.251760 
1354.000000	99.258358 
1353.000000	99.261666 
1352.000000	99.263406 
1351.000000	99.265788 
1350.000000	99.269142 
1349.000000	99.272058 
1348.000000	99.273125 
1347.000000	99.271794 
1346.000000	99.268466 
1345.000000	99.264692 
1344.000000	99.262854 
1343.000000	99.264481 
1342.000000	99.268552 
1341.000000	99.271765 
1340.000000	99.271270 
1339.000000	99.267628 
1338.000000	99.264447 
1337.000000	99.264587 
1336.000000	99.267495 
1335.000000	99.270196 
1334.000000	99.270285 
1333.000000	99.268073 
1332.000000	99.266055 
1331.000000	99.266553 
1330.000000	99.269692 
1329.000000	99.273391 
1328.000000	99.274953 
1327.000000	99.272897 
1326.000000	99.267950 
1325.000000	99.262968 
1324.000000	99.261448 
1323.000000	99.264793 
1322.000000	99.270606 
1321.000000	99.274178 
1320.000000	99.272437 
1319.000000	99.266586 
1318.000000	99.261072 
1317.000000	99.259889 
1316.000000	99.263850 
1315.000000	99.270685 
1314.000000	99.276658 
1313.000000	99.278672 
1312.000000	99.276030 
1311.000000	99.270875 
1310.000000	99.266688 
1309.000000	99.265739 
1308.000000	99.267583 
1307.000000	99.269855 
1306.000000	99.270341 
1305.000000	99.268629 
1304.000000	99.266344 
1303.000000	99.265888 
1302.000000	99.268418 
1301.000000	99.272462 
1300.000000	99.274809 
1299.000000	99.273375 
1298.000000	99.269212 
1297.000000	99.265590 
1296.000000	99.265138 
1295.000000	99.267980 
1294.000000	99.272209 
1293.000000	99.275374 
1292.000000	99.275689 
1291.000000	99.273028 
1290.000000	99.269218 
1289.000000	99.266310 
1288.000000	99.264149 
1287.000000	99.260666 
1286.000000	99.255015 
1285.000000	99.249246 
1284.000000	99.246191 
1283.000000	99.246924 
1282.000000	99.251139 
1281.000000	99.258133 
1280.000000	99.265640 
1279.000000	99.269452 
1278.000000	99.267237 
1277.000000	99.262229 
1276.000000	99.260200 
1275.000000	99.262733 
1274.000000	99.266151 
1273.000000	99.267146 
1272.000000	99.266298 
1271.000000	99.265294 
1270.000000	99.263970 
1269.000000	99.261866 
1268.000000	99.260159 
1267.000000	99.260147 
1266.000000	99.261755 
1265.000000	99.264706 
1264.000000	99.268764 
1263.000000	99.272053 
1262.000000	99.272598 
1261.000000	99.272718 
1260.000000	99.277371 
1259.000000	99.285372 
1258.000000	99.287192 
1257.000000	99.276176 
1256.000000	99.258306 
1255.000000	99.245851 
1254.000000	99.243253 
1253.000000	99.244411 
1252.000000	99.242465 
1251.000000	99.236321 
1250.000000	99.227810 
1249.000000	99.218377 
1248.000000	99.209793 
1247.000000	99.203141 
1246.000000	99.195364 
1245.000000	99.181223 
1244.000000	99.160743 
1243.000000	99.141175 
1242.000000	99.129377 
1241.000000	99.124948 
1240.000000	99.122472 
1239.000000	99.117288 
1238.000000	99.107331 
1237.000000	99.092595 
1236.000000	99.075472 
1235.000000	99.059844 
1234.000000	99.047689 
1233.000000	99.037412 
1232.000000	99.025734 
1231.000000	99.009058 
1230.000000	98.983221 
1229.000000	98.946049 
1228.000000	98.901962 
1227.000000	98.860609 
1226.000000	98.827646 
1225.000000	98.798384 
1224.000000	98.762713 
1223.000000	98.714301 
1222.000000	98.653263 
1221.000000	98.582540 
1220.000000	98.504786 
1219.000000	98.421655 
1218.000000	98.333534 
1217.000000	98.240342 
1216.000000	98.143993 
1215.000000	98.048966 
1214.000000	97.958763 
1213.000000	97.872333 
1212.000000	97.784588 
1211.000000	97.689706 
1210.000000	97.584662 
1209.000000	97.472025 
1208.000000	97.359267 
1207.000000	97.252314 
1206.000000	97.149822 
1205.000000	97.046972 
1204.000000	96.943584 
1203.000000	96.843288 
1202.000000	96.745294 
1201.000000	96.643682 
1200.000000	96.536501 
1199.000000	96.429900 
1198.000000	96.330385 
1197.000000	96.237116 
1196.000000	96.144032 
1195.000000	96.045706 
1194.000000	95.939891 
1193.000000	95.828508 
1192.000000	95.717483 
1191.000000	95.611788 
1190.000000	95.509793 
1189.000000	95.406362 
1188.000000	95.301042 
1187.000000	95.197690 
1186.000000	95.096208 
1185.000000	94.991430 
1184.000000	94.881203 
1183.000000	94.768639 
1182.000000	94.654709 
1181.000000	94.535812 
1180.000000	94.411344 
1179.000000	94.286666 
1178.000000	94.164660 
1177.000000	94.039949 
1176.000000	93.905067 
1175.000000	93.757920 
1174.000000	93.601256 
1173.000000	93.439886 
1172.000000	93.279601 
1171.000000	93.122401 
1170.000000	92.961242 
1169.000000	92.787059 
1168.000000	92.603692 
1167.000000	92.428823 
1166.000000	92.278267 
1165.000000	92.157749 
1164.000000	92.072095 
1163.000000	92.031764 
1162.000000	92.044473 
1161.000000	92.106664 
1160.000000	92.205035 
1159.000000	92.318033 
1158.000000	92.415035 
1157.000000	92.466221 
1156.000000	92.459983 
1155.000000	92.406289 
1154.000000	92.321518 
1153.000000	92.215682 
1152.000000	92.095220 
1151.000000	91.967966 
1150.000000	91.838641 
1149.000000	91.705782 
1148.000000	91.568524 
1147.000000	91.430911 
1146.000000	91.295522 
1145.000000	91.158777 
1144.000000	91.016603 
1143.000000	90.869489 
1142.000000	90.719224 
1141.000000	90.566426 
1140.000000	90.413264 
1139.000000	90.261972 
1138.000000	90.109014 
1137.000000	89.947955 
1136.000000	89.779368 
1135.000000	89.609895 
1134.000000	89.440629 
1133.000000	89.266068 
1132.000000	89.086396 
1131.000000	88.910416 
1130.000000	88.742967 
1129.000000	88.578778 
1128.000000	88.411682 
1127.000000	88.240716 
1126.000000	88.065074 
1125.000000	87.882870 
1124.000000	87.697102 
1123.000000	87.513289 
1122.000000	87.329798 
1121.000000	87.140671 
1120.000000	86.948550 
1119.000000	86.763207 
1118.000000	86.587050 
1117.000000	86.414974 
1116.000000	86.247896 
1115.000000	86.090970 
1114.000000	85.937981 
1113.000000	85.774786 
1112.000000	85.600577 
1111.000000	85.428560 
1110.000000	85.263590 
1109.000000	85.097138 
1108.000000	84.926793 
1107.000000	84.761876 
1106.000000	84.605330 
1105.000000	84.447628 
1104.000000	84.283225 
1103.000000	84.116412 
1102.000000	83.947070 
1101.000000	83.768319 
1100.000000	83.582276 
1099.000000	83.400894 
1098.000000	83.227122 
1097.000000	83.052149 
1096.000000	82.874343 
1095.000000	82.702104 
1094.000000	82.534707 
1093.000000	82.360521 
1092.000000	82.178890 
1091.000000	82.003948 
1090.000000	81.842067 
1089.000000	81.685370 
1088.000000	81.531501 
1087.000000	81.388495 
1086.000000	81.255336 
1085.000000	81.119908 
1084.000000	80.981927 
1083.000000	80.855570 
1082.000000	80.742838 
1081.000000	80.626724 
1080.000000	80.498618 
1079.000000	80.370870 
1078.000000	80.254202 
1077.000000	80.143402 
1076.000000	80.032807 
1075.000000	79.924036 
1074.000000	79.809919 
1073.000000	79.671892 
1072.000000	79.502890 
1071.000000	79.315191 
1070.000000	79.118765 
1069.000000	78.908935 
1068.000000	78.680468 
1067.000000	78.434798 
1066.000000	78.169159 
1065.000000	77.879842 
1064.000000	77.581785 
1063.000000	77.302810 
1062.000000	77.051014 
1061.000000	76.809105 
1060.000000	76.566327 
1059.000000	76.332393 
1058.000000	76.114061 
1057.000000	75.902962 
1056.000000	75.694836 
1055.000000	75.496375 
1054.000000	75.303158 
1053.000000	75.093374 
1052.000000	74.854600 
1051.000000	74.596672 
1050.000000	74.329162 
1049.000000	74.048923 
1048.000000	73.757502 
1047.000000	73.464622 
1046.000000	73.167610 
1045.000000	72.852623 
1044.000000	72.520360 
1043.000000	72.186558 
1042.000000	71.854559 
1041.000000	71.512329 
1040.000000	71.159637 
1039.000000	70.812102 
1038.000000	70.475689 
1037.000000	70.146001 
1036.000000	69.835642 
1035.000000	69.569517 
1034.000000	69.345702 
1033.000000	69.131881 
1032.000000	68.909721 
1031.000000	68.694651 
1030.000000	68.504321 
1029.000000	68.337919 
1028.000000	68.193759 
1027.000000	68.076045 
1026.000000	67.974506 
1025.000000	67.866054 
1024.000000	67.745718 
1023.000000	67.629793 
1022.000000	67.523858 
1021.000000	67.416289 
1020.000000	67.306490 
1019.000000	67.207604 
1018.000000	67.116459 
1017.000000	67.013581 
1016.000000	66.898986 
1015.000000	66.795381 
1014.000000	66.709088 
1013.000000	66.620269 
1012.000000	66.518885 
1011.000000	66.417963 
1010.000000	66.323901 
1009.000000	66.226813 
1008.000000	66.128839 
1007.000000	66.049075 
1006.000000	65.990247 
1005.000000	65.931788 
1004.000000	65.866111 
1003.000000	65.811740 
1002.000000	65.780934 
1001.000000	65.763817 
1000.000000	65.752896 
999.000000	 65.753569 
998.000000	 65.761988 
997.000000	 65.762638 
996.000000	 65.756965 
995.000000	 65.765436 
994.000000	 65.793183 
993.000000	 65.822527 
992.000000	 65.846610 
991.000000	 65.880261 
990.000000	 65.929416 
989.000000	 65.980467 
988.000000	 66.029803 
987.000000	 66.094977 
986.000000	 66.185782 
985.000000	 66.291152 
984.000000	 66.403430 
983.000000	 66.530040 
982.000000	 66.674246 
981.000000	 66.830778 
980.000000	 67.006459 
979.000000	 67.217342 
978.000000	 67.458781 
977.000000	 67.705868 
976.000000	 67.950998 
975.000000	 68.214938 
974.000000	 68.513990 
973.000000	 68.841629 
972.000000	 69.187483 
971.000000	 69.548798 
970.000000	 69.917969 
969.000000	 70.284087 
968.000000	 70.652016 
967.000000	 71.036515 
966.000000	 71.434376 
965.000000	 71.825786 
964.000000	 72.204477 
963.000000	 72.581397 
962.000000	 72.957730 
961.000000	 73.321420 
960.000000	 73.673059 
959.000000	 74.028007 
958.000000	 74.387762 
957.000000	 74.733819 
956.000000	 75.054992 
955.000000	 75.358308 
954.000000	 75.650044 
953.000000	 75.928372 
952.000000	 76.196298 
951.000000	 76.458673 
950.000000	 76.705572 
949.000000	 76.923100 
948.000000	 77.120907 
947.000000	 77.322687 
946.000000	 77.527504 
945.000000	 77.708473 
944.000000	 77.853571 
943.000000	 77.980149 
942.000000	 78.104473 
941.000000	 78.224285 
940.000000	 78.339042 
939.000000	 78.459817 
938.000000	 78.588396 
937.000000	 78.710561 
936.000000	 78.820357 
935.000000	 78.929587 
934.000000	 79.045395 
933.000000	 79.160659 
932.000000	 79.274244 
931.000000	 79.397864 
930.000000	 79.533940 
929.000000	 79.668345 
928.000000	 79.794194 
927.000000	 79.922660 
926.000000	 80.061782 
925.000000	 80.203182 
924.000000	 80.336215 
923.000000	 80.456851 
922.000000	 80.558949 
921.000000	 80.638164 
920.000000	 80.708960 
919.000000	 80.794953 
918.000000	 80.896241 
917.000000	 80.988529 
916.000000	 81.060984 
915.000000	 81.132086 
914.000000	 81.221019 
913.000000	 81.328321 
912.000000	 81.454224 
911.000000	 81.611378 
910.000000	 81.806010 
909.000000	 82.026933 
908.000000	 82.265493 
907.000000	 82.528818 
906.000000	 82.823846 
905.000000	 83.146336 
904.000000	 83.493585 
903.000000	 83.868894 
902.000000	 84.264554 
901.000000	 84.658185 
900.000000	 85.035378 
899.000000	 85.401838 
898.000000	 85.767456 
897.000000	 86.133141 
896.000000	 86.497138 
895.000000	 86.858231 
894.000000	 87.208500 
893.000000	 87.538668 
892.000000	 87.853971 
891.000000	 88.168884 
890.000000	 88.483073 
889.000000	 88.779600 
888.000000	 89.051191 
887.000000	 89.311442 
886.000000	 89.574535 
885.000000	 89.839301 
884.000000	 90.099046 
883.000000	 90.352182 
882.000000	 90.597448 
881.000000	 90.832494 
880.000000	 91.062312 
879.000000	 91.296552 
878.000000	 91.535768 
877.000000	 91.774077 
876.000000	 92.015772 
875.000000	 92.272024 
874.000000	 92.539987 
873.000000	 92.804222 
872.000000	 93.061263 
871.000000	 93.323869 
870.000000	 93.598210 
869.000000	 93.875364 
868.000000	 94.148104 
867.000000	 94.417590 
866.000000	 94.680303 
865.000000	 94.927300 
864.000000	 95.161767 
863.000000	 95.399887 
862.000000	 95.647057 
861.000000	 95.888749 
860.000000	 96.112738 
859.000000	 96.325870 
858.000000	 96.540425 
857.000000	 96.756009 
856.000000	 96.962865 
855.000000	 97.152400 
854.000000	 97.317944 
853.000000	 97.456150 
852.000000	 97.574584 
851.000000	 97.688273 
850.000000	 97.802458 
849.000000	 97.907581 
848.000000	 97.994911 
847.000000	 98.065153 
846.000000	 98.117298 
845.000000	 98.143795 
844.000000	 98.145298 
843.000000	 98.136556 
842.000000	 98.125758 
841.000000	 98.097779 
840.000000	 98.029880 
839.000000	 97.917931 
838.000000	 97.779659 
837.000000	 97.639621 
836.000000	 97.517518 
835.000000	 97.419986 
834.000000	 97.333098 
833.000000	 97.233296 
832.000000	 97.118458 
831.000000	 97.020297 
830.000000	 96.973064 
829.000000	 96.975992 
828.000000	 96.999382 
827.000000	 97.021939 
826.000000	 97.047825 
825.000000	 97.089562 
824.000000	 97.148224 
823.000000	 97.212101 
822.000000	 97.265550 
821.000000	 97.297601 
820.000000	 97.306546 
819.000000	 97.295875 
818.000000	 97.264414 
817.000000	 97.203747 
816.000000	 97.106213 
815.000000	 96.969413 
814.000000	 96.789172 
813.000000	 96.552949 
812.000000	 96.244799 
811.000000	 95.853542 
810.000000	 95.373360 
809.000000	 94.801219 
808.000000	 94.138477 
807.000000	 93.392812 
806.000000	 92.577036 
805.000000	 91.711764 
804.000000	 90.831092 
803.000000	 89.976477 
802.000000	 89.181075 
801.000000	 88.469331 
800.000000	 87.871369 
799.000000	 87.419188 
798.000000	 87.123748 
797.000000	 86.973135 
796.000000	 86.955031 
795.000000	 87.058519 
794.000000	 87.250473 
793.000000	 87.477017 
792.000000	 87.699499 
791.000000	 87.910209 
790.000000	 88.105600 
789.000000	 88.263102 
788.000000	 88.352216 
787.000000	 88.352371 
786.000000	 88.253671 
785.000000	 88.056712 
784.000000	 87.780588 
783.000000	 87.458889 
782.000000	 87.121907 
781.000000	 86.794680 
780.000000	 86.512729 
779.000000	 86.318248 
778.000000	 86.233158 
777.000000	 86.253829 
776.000000	 86.375817 
775.000000	 86.600638 
774.000000	 86.911815 
773.000000	 87.269185 
772.000000	 87.638479 
771.000000	 88.007426 
770.000000	 88.364583 
769.000000	 88.684537 
768.000000	 88.948000 
767.000000	 89.160487 
766.000000	 89.338121 
765.000000	 89.487948 
764.000000	 89.613830 
763.000000	 89.728652 
762.000000	 89.846041 
761.000000	 89.967009 
760.000000	 90.085256 
759.000000	 90.199685 
758.000000	 90.314619 
757.000000	 90.434532 
756.000000	 90.563973 
755.000000	 90.704985 
754.000000	 90.850330 
753.000000	 90.987796 
752.000000	 91.114744 
751.000000	 91.239834 
750.000000	 91.368930 
749.000000	 91.500685 
748.000000	 91.638933 
747.000000	 91.796495 
746.000000	 91.979952 
745.000000	 92.180890 
744.000000	 92.389474 
743.000000	 92.609072 
742.000000	 92.850880 
741.000000	 93.118360 
740.000000	 93.399673 
739.000000	 93.672020 
738.000000	 93.915699 
737.000000	 94.130592 
736.000000	 94.336135 
735.000000	 94.547746 
734.000000	 94.757292 
733.000000	 94.944329 
732.000000	 95.099441 
731.000000	 95.225659 
730.000000	 95.325205 
729.000000	 95.401723 
728.000000	 95.472137 
727.000000	 95.556807 
726.000000	 95.655335 
725.000000	 95.748545 
724.000000	 95.827608 
723.000000	 95.907166 
722.000000	 96.007149 
721.000000	 96.134118 
720.000000	 96.281124 
719.000000	 96.431796 
718.000000	 96.564228 
717.000000	 96.667133 
716.000000	 96.755399 
715.000000	 96.855666 
714.000000	 96.972256 
713.000000	 97.079850 
712.000000	 97.152380 
711.000000	 97.184543 
710.000000	 97.183444 
709.000000	 97.157803 
708.000000	 97.122424 
707.000000	 97.094287 
706.000000	 97.070171 
705.000000	 97.020108 
704.000000	 96.913150 
703.000000	 96.738533 
702.000000	 96.494435 
701.000000	 96.170932 
700.000000	 95.758085 
699.000000	 95.265493 
698.000000	 94.728844 
697.000000	 94.209219 
696.000000	 93.789754 
695.000000	 93.550743 
694.000000	 93.528103 
693.000000	 93.694452 
692.000000	 93.980834 
691.000000	 94.315597 
690.000000	 94.649754 
689.000000	 94.961807 
688.000000	 95.248018 
687.000000	 95.505503 
686.000000	 95.725925 
685.000000	 95.909998 
684.000000	 96.078859 
683.000000	 96.254625 
682.000000	 96.430689 
681.000000	 96.578659 
680.000000	 96.689676 
679.000000	 96.793657 
678.000000	 96.927058 
677.000000	 97.093281 
676.000000	 97.267245 
675.000000	 97.428592 
674.000000	 97.577789 
673.000000	 97.725347 
672.000000	 97.879221 
671.000000	 98.041077 
670.000000	 98.204604 
669.000000	 98.347859 
668.000000	 98.441430 
667.000000	 98.493564 
666.000000	 98.539065 
665.000000	 98.593073 
664.000000	 98.665589 
663.000000	 98.768950 
662.000000	 98.902624 
661.000000	 99.044473 
660.000000	 99.165908 
659.000000	 99.246441 
658.000000	 99.274578 
657.000000	 99.253612 
656.000000	 99.212100 
655.000000	 99.190932 
654.000000	 99.203976 
653.000000	 99.225320 
652.000000	 99.230559 
651.000000	 99.233618 
650.000000	 99.265510 

