4000.000000	82.547555 
3999.000000	82.545638 
3998.000000	82.543797 
3997.000000	82.542768 
3996.000000	82.543220 
3995.000000	82.545236 
3994.000000	82.547665 
3993.000000	82.548738 
3992.000000	82.547531 
3991.000000	82.544704 
3990.000000	82.542297 
3989.000000	82.541975 
3988.000000	82.543791 
3987.000000	82.546351 
3986.000000	82.548094 
3985.000000	82.548347 
3984.000000	82.547213 
3983.000000	82.545026 
3982.000000	82.542221 
3981.000000	82.539358 
3980.000000	82.536940 
3979.000000	82.535161 
3978.000000	82.533876 
3977.000000	82.532708 
3976.000000	82.531238 
3975.000000	82.529294 
3974.000000	82.527178 
3973.000000	82.525538 
3972.000000	82.524958 
3971.000000	82.525607 
3970.000000	82.527255 
3969.000000	82.529436 
3968.000000	82.531497 
3967.000000	82.532703 
3966.000000	82.532590 
3965.000000	82.531208 
3964.000000	82.529093 
3963.000000	82.526950 
3962.000000	82.525274 
3961.000000	82.524193 
3960.000000	82.523574 
3959.000000	82.523319 
3958.000000	82.523480 
3957.000000	82.524028 
3956.000000	82.524615 
3955.000000	82.524694 
3954.000000	82.523942 
3953.000000	82.522505 
3952.000000	82.520836 
3951.000000	82.519360 
3950.000000	82.518262 
3949.000000	82.517494 
3948.000000	82.516837 
3947.000000	82.516032 
3946.000000	82.514989 
3945.000000	82.513870 
3944.000000	82.512887 
3943.000000	82.512068 
3942.000000	82.511285 
3941.000000	82.510430 
3940.000000	82.509509 
3939.000000	82.508585 
3938.000000	82.507680 
3937.000000	82.506771 
3936.000000	82.505841 
3935.000000	82.504897 
3934.000000	82.503949 
3933.000000	82.503018 
3932.000000	82.502121 
3931.000000	82.501251 
3930.000000	82.500380 
3929.000000	82.499478 
3928.000000	82.498528 
3927.000000	82.497539 
3926.000000	82.496531 
3925.000000	82.495525 
3924.000000	82.494526 
3923.000000	82.493532 
3922.000000	82.492546 
3921.000000	82.491579 
3920.000000	82.490638 
3919.000000	82.489722 
3918.000000	82.488820 
3917.000000	82.487924 
3916.000000	82.487030 
3915.000000	82.486129 
3914.000000	82.485213 
3913.000000	82.484276 
3912.000000	82.483326 
3911.000000	82.482373 
3910.000000	82.481421 
3909.000000	82.480456 
3908.000000	82.479461 
3907.000000	82.478430 
3906.000000	82.477372 
3905.000000	82.476298 
3904.000000	82.475213 
3903.000000	82.474114 
3902.000000	82.473009 
3901.000000	82.471917 
3900.000000	82.470874 
3899.000000	82.469914 
3898.000000	82.469054 
3897.000000	82.468297 
3896.000000	82.467625 
3895.000000	82.467022 
3894.000000	82.466482 
3893.000000	82.465994 
3892.000000	82.465531 
3891.000000	82.465065 
3890.000000	82.464575 
3889.000000	82.464055 
3888.000000	82.463518 
3887.000000	82.462996 
3886.000000	82.462514 
3885.000000	82.462090 
3884.000000	82.461719 
3883.000000	82.461373 
3882.000000	82.461065 
3881.000000	82.460861 
3880.000000	82.460806 
3879.000000	82.460847 
3878.000000	82.460846 
3877.000000	82.460722 
3876.000000	82.460555 
3875.000000	82.460518 
3874.000000	82.460660 
3873.000000	82.460808 
3872.000000	82.460714 
3871.000000	82.460401 
3870.000000	82.460276 
3869.000000	82.460626 
3868.000000	82.461070 
3867.000000	82.460983 
3866.000000	82.460485 
3865.000000	82.460251 
3864.000000	82.460576 
3863.000000	82.461196 
3862.000000	82.461766 
3861.000000	82.462319 
3860.000000	82.463133 
3859.000000	82.464458 
3858.000000	82.466594 
3857.000000	82.469701 
3856.000000	82.473110 
3855.000000	82.475093 
3854.000000	82.474677 
3853.000000	82.473422 
3852.000000	82.472938 
3851.000000	82.472087 
3850.000000	82.470734 
3849.000000	82.470234 
3848.000000	82.470947 
3847.000000	82.472241 
3846.000000	82.473392 
3845.000000	82.474120 
3844.000000	82.474563 
3843.000000	82.474996 
3842.000000	82.475572 
3841.000000	82.476245 
3840.000000	82.476909 
3839.000000	82.477503 
3838.000000	82.478023 
3837.000000	82.478401 
3836.000000	82.478507 
3835.000000	82.478326 
3834.000000	82.478057 
3833.000000	82.477913 
3832.000000	82.477940 
3831.000000	82.478019 
3830.000000	82.477977 
3829.000000	82.477746 
3828.000000	82.477413 
3827.000000	82.477106 
3826.000000	82.476855 
3825.000000	82.476577 
3824.000000	82.476185 
3823.000000	82.475691 
3822.000000	82.475166 
3821.000000	82.474660 
3820.000000	82.474151 
3819.000000	82.473547 
3818.000000	82.472807 
3817.000000	82.471968 
3816.000000	82.471066 
3815.000000	82.470082 
3814.000000	82.468988 
3813.000000	82.467822 
3812.000000	82.466702 
3811.000000	82.465739 
3810.000000	82.464983 
3809.000000	82.464354 
3808.000000	82.463684 
3807.000000	82.462938 
3806.000000	82.462152 
3805.000000	82.461054 
3804.000000	82.459454 
3803.000000	82.457633 
3802.000000	82.455963 
3801.000000	82.454494 
3800.000000	82.452916 
3799.000000	82.450848 
3798.000000	82.448623 
3797.000000	82.447015 
3796.000000	82.446180 
3795.000000	82.445593 
3794.000000	82.444582 
3793.000000	82.442945 
3792.000000	82.441010 
3791.000000	82.439241 
3790.000000	82.437706 
3789.000000	82.436144 
3788.000000	82.434355 
3787.000000	82.432426 
3786.000000	82.430821 
3785.000000	82.430420 
3784.000000	82.431702 
3783.000000	82.433794 
3782.000000	82.435094 
3781.000000	82.435208 
3780.000000	82.435371 
3779.000000	82.436560 
3778.000000	82.437529 
3777.000000	82.435688 
3776.000000	82.431054 
3775.000000	82.426577 
3774.000000	82.424291 
3773.000000	82.423320 
3772.000000	82.422496 
3771.000000	82.423149 
3770.000000	82.427444 
3769.000000	82.433630 
3768.000000	82.436132 
3767.000000	82.432886 
3766.000000	82.428772 
3765.000000	82.428698 
3764.000000	82.430926 
3763.000000	82.429795 
3762.000000	82.423538 
3761.000000	82.416195 
3760.000000	82.411817 
3759.000000	82.410661 
3758.000000	82.411214 
3757.000000	82.412842 
3756.000000	82.416632 
3755.000000	82.423685 
3754.000000	82.433924 
3753.000000	82.444785 
3752.000000	82.451220 
3751.000000	82.451330 
3750.000000	82.449346 
3749.000000	82.447176 
3748.000000	82.441009 
3747.000000	82.429723 
3746.000000	82.416664 
3745.000000	82.404962 
3744.000000	82.399492 
3743.000000	82.396417 
3742.000000	82.378808 
3741.000000	82.350955 
3740.000000	82.335946 
3739.000000	82.335337 
3738.000000	82.330081 
3737.000000	82.309827 
3736.000000	82.288738 
3735.000000	82.287614 
3734.000000	82.306414 
3733.000000	82.326944 
3732.000000	82.334949 
3731.000000	82.326492 
3730.000000	82.301274 
3729.000000	82.263742 
3728.000000	82.225679 
3727.000000	82.199159 
3726.000000	82.187670 
3725.000000	82.184556 
3724.000000	82.180519 
3723.000000	82.173046 
3722.000000	82.164483 
3721.000000	82.154913 
3720.000000	82.141381 
3719.000000	82.122912 
3718.000000	82.102615 
3717.000000	82.084215 
3716.000000	82.069183 
3715.000000	82.055953 
3714.000000	82.041014 
3713.000000	82.019566 
3712.000000	81.989261 
3711.000000	81.953370 
3710.000000	81.914716 
3709.000000	81.872861 
3708.000000	81.830165 
3707.000000	81.791758 
3706.000000	81.759702 
3705.000000	81.730322 
3704.000000	81.697584 
3703.000000	81.658731 
3702.000000	81.617182 
3701.000000	81.578378 
3700.000000	81.541648 
3699.000000	81.502221 
3698.000000	81.460846 
3697.000000	81.424275 
3696.000000	81.396911 
3695.000000	81.377153 
3694.000000	81.362902 
3693.000000	81.356446 
3692.000000	81.359156 
3691.000000	81.363711 
3690.000000	81.358141 
3689.000000	81.338567 
3688.000000	81.311104 
3687.000000	81.279588 
3686.000000	81.245273 
3685.000000	81.216313 
3684.000000	81.201830 
3683.000000	81.200114 
3682.000000	81.200631 
3681.000000	81.194891 
3680.000000	81.181549 
3679.000000	81.160519 
3678.000000	81.127796 
3677.000000	81.083580 
3676.000000	81.044329 
3675.000000	81.032030 
3674.000000	81.038504 
3673.000000	81.031874 
3672.000000	81.005802 
3671.000000	80.976230 
3670.000000	80.951365 
3669.000000	80.931751 
3668.000000	80.911855 
3667.000000	80.887243 
3666.000000	80.863695 
3665.000000	80.845299 
3664.000000	80.828099 
3663.000000	80.809560 
3662.000000	80.794016 
3661.000000	80.786941 
3660.000000	80.788413 
3659.000000	80.793623 
3658.000000	80.799004 
3657.000000	80.806446 
3656.000000	80.819468 
3655.000000	80.834241 
3654.000000	80.840884 
3653.000000	80.839628 
3652.000000	80.839806 
3651.000000	80.841547 
3650.000000	80.837117 
3649.000000	80.830350 
3648.000000	80.833078 
3647.000000	80.846239 
3646.000000	80.860253 
3645.000000	80.867801 
3644.000000	80.869879 
3643.000000	80.872198 
3642.000000	80.878149 
3641.000000	80.885491 
3640.000000	80.890560 
3639.000000	80.893369 
3638.000000	80.896818 
3637.000000	80.900571 
3636.000000	80.901182 
3635.000000	80.899532 
3634.000000	80.902076 
3633.000000	80.912077 
3632.000000	80.922921 
3631.000000	80.924041 
3630.000000	80.910673 
3629.000000	80.893499 
3628.000000	80.889127 
3627.000000	80.890622 
3626.000000	80.884034 
3625.000000	80.879997 
3624.000000	80.891214 
3623.000000	80.911610 
3622.000000	80.929475 
3621.000000	80.942476 
3620.000000	80.957407 
3619.000000	80.980178 
3618.000000	81.007212 
3617.000000	81.028174 
3616.000000	81.039448 
3615.000000	81.048458 
3614.000000	81.064091 
3613.000000	81.088899 
3612.000000	81.117750 
3611.000000	81.142335 
3610.000000	81.159626 
3609.000000	81.175535 
3608.000000	81.198140 
3607.000000	81.227993 
3606.000000	81.257463 
3605.000000	81.279986 
3604.000000	81.296119 
3603.000000	81.310136 
3602.000000	81.326116 
3601.000000	81.346186 
3600.000000	81.368069 
3599.000000	81.384889 
3598.000000	81.390404 
3597.000000	81.385246 
3596.000000	81.377225 
3595.000000	81.376281 
3594.000000	81.387634 
3593.000000	81.408480 
3592.000000	81.430628 
3591.000000	81.447391 
3590.000000	81.456185 
3589.000000	81.458226 
3588.000000	81.459518 
3587.000000	81.467868 
3586.000000	81.482953 
3585.000000	81.496057 
3584.000000	81.502435 
3583.000000	81.504924 
3582.000000	81.507636 
3581.000000	81.512124 
3580.000000	81.517731 
3579.000000	81.522781 
3578.000000	81.526019 
3577.000000	81.527702 
3576.000000	81.528500 
3575.000000	81.528341 
3574.000000	81.526702 
3573.000000	81.523903 
3572.000000	81.520595 
3571.000000	81.515810 
3570.000000	81.506861 
3569.000000	81.492604 
3568.000000	81.478189 
3567.000000	81.473533 
3566.000000	81.482738 
3565.000000	81.498557 
3564.000000	81.511449 
3563.000000	81.518278 
3562.000000	81.520169 
3561.000000	81.518993 
3560.000000	81.517278 
3559.000000	81.517748 
3558.000000	81.521160 
3557.000000	81.525193 
3556.000000	81.526225 
3555.000000	81.522424 
3554.000000	81.515459 
3553.000000	81.509082 
3552.000000	81.505761 
3551.000000	81.504577 
3550.000000	81.502920 
3549.000000	81.499614 
3548.000000	81.495621 
3547.000000	81.492706 
3546.000000	81.492505 
3545.000000	81.495874 
3544.000000	81.501940 
3543.000000	81.508067 
3542.000000	81.511462 
3541.000000	81.510984 
3540.000000	81.507492 
3539.000000	81.502966 
3538.000000	81.499365 
3537.000000	81.497691 
3536.000000	81.497751 
3535.000000	81.498471 
3534.000000	81.498691 
3533.000000	81.497868 
3532.000000	81.496042 
3531.000000	81.493376 
3530.000000	81.490024 
3529.000000	81.486505 
3528.000000	81.483554 
3527.000000	81.481323 
3526.000000	81.479103 
3525.000000	81.476366 
3524.000000	81.473722 
3523.000000	81.472181 
3522.000000	81.471829 
3521.000000	81.472037 
3520.000000	81.472470 
3519.000000	81.473187 
3518.000000	81.473935 
3517.000000	81.474134 
3516.000000	81.473766 
3515.000000	81.473557 
3514.000000	81.473731 
3513.000000	81.473135 
3512.000000	81.470400 
3511.000000	81.465803 
3510.000000	81.461319 
3509.000000	81.458641 
3508.000000	81.457390 
3507.000000	81.455661 
3506.000000	81.452068 
3505.000000	81.446962 
3504.000000	81.441966 
3503.000000	81.438530 
3502.000000	81.436712 
3501.000000	81.435350 
3500.000000	81.433354 
3499.000000	81.430708 
3498.000000	81.428220 
3497.000000	81.426593 
3496.000000	81.425768 
3495.000000	81.424911 
3494.000000	81.423052 
3493.000000	81.419961 
3492.000000	81.416347 
3491.000000	81.413196 
3490.000000	81.410893 
3489.000000	81.409056 
3488.000000	81.407082 
3487.000000	81.404679 
3486.000000	81.401874 
3485.000000	81.398775 
3484.000000	81.395509 
3483.000000	81.392243 
3482.000000	81.389129 
3481.000000	81.386193 
3480.000000	81.383336 
3479.000000	81.380432 
3478.000000	81.377383 
3477.000000	81.374149 
3476.000000	81.370757 
3475.000000	81.367291 
3474.000000	81.363856 
3473.000000	81.360496 
3472.000000	81.357158 
3471.000000	81.353728 
3470.000000	81.350137 
3469.000000	81.346436 
3468.000000	81.342809 
3467.000000	81.339462 
3466.000000	81.336440 
3465.000000	81.333489 
3464.000000	81.330231 
3463.000000	81.326509 
3462.000000	81.322579 
3461.000000	81.318862 
3460.000000	81.315475 
3459.000000	81.312129 
3458.000000	81.308482 
3457.000000	81.304513 
3456.000000	81.300524 
3455.000000	81.296838 
3454.000000	81.293622 
3453.000000	81.290862 
3452.000000	81.288277 
3451.000000	81.285218 
3450.000000	81.281010 
3449.000000	81.275638 
3448.000000	81.270030 
3447.000000	81.265405 
3446.000000	81.262182 
3445.000000	81.259767 
3444.000000	81.257237 
3443.000000	81.253991 
3442.000000	81.249814 
3441.000000	81.244880 
3440.000000	81.239808 
3439.000000	81.235165 
3438.000000	81.230735 
3437.000000	81.225642 
3436.000000	81.219576 
3435.000000	81.213588 
3434.000000	81.209226 
3433.000000	81.207109 
3432.000000	81.206648 
3431.000000	81.206734 
3430.000000	81.206353 
3429.000000	81.204855 
3428.000000	81.202082 
3427.000000	81.198483 
3426.000000	81.194924 
3425.000000	81.192154 
3424.000000	81.190374 
3423.000000	81.189208 
3422.000000	81.187974 
3421.000000	81.186053 
3420.000000	81.183310 
3419.000000	81.180310 
3418.000000	81.177932 
3417.000000	81.176511 
3416.000000	81.175357 
3415.000000	81.173320 
3414.000000	81.169958 
3413.000000	81.166081 
3412.000000	81.163040 
3411.000000	81.161483 
3410.000000	81.160881 
3409.000000	81.160177 
3408.000000	81.158777 
3407.000000	81.156964 
3406.000000	81.155557 
3405.000000	81.155171 
3404.000000	81.155625 
3403.000000	81.155924 
3402.000000	81.155019 
3401.000000	81.152763 
3400.000000	81.150204 
3399.000000	81.148865 
3398.000000	81.149491 
3397.000000	81.151464 
3396.000000	81.153232 
3395.000000	81.153637 
3394.000000	81.152821 
3393.000000	81.151942 
3392.000000	81.152064 
3391.000000	81.153274 
3390.000000	81.154736 
3389.000000	81.155410 
3388.000000	81.154769 
3387.000000	81.153062 
3386.000000	81.151186 
3385.000000	81.150157 
3384.000000	81.150453 
3383.000000	81.151784 
3382.000000	81.153449 
3381.000000	81.154955 
3380.000000	81.156252 
3379.000000	81.157463 
3378.000000	81.158559 
3377.000000	81.159426 
3376.000000	81.160162 
3375.000000	81.161193 
3374.000000	81.163051 
3373.000000	81.166102 
3372.000000	81.170364 
3371.000000	81.175339 
3370.000000	81.179936 
3369.000000	81.182817 
3368.000000	81.183216 
3367.000000	81.181579 
3366.000000	81.179523 
3365.000000	81.178874 
3364.000000	81.180543 
3363.000000	81.184352 
3362.000000	81.189450 
3361.000000	81.194786 
3360.000000	81.199531 
3359.000000	81.203405 
3358.000000	81.206764 
3357.000000	81.210200 
3356.000000	81.213833 
3355.000000	81.217006 
3354.000000	81.218856 
3353.000000	81.219148 
3352.000000	81.218629 
3351.000000	81.218597 
3350.000000	81.219977 
3349.000000	81.222785 
3348.000000	81.226283 
3347.000000	81.229669 
3346.000000	81.232712 
3345.000000	81.235742 
3344.000000	81.239148 
3343.000000	81.242931 
3342.000000	81.246649 
3341.000000	81.249734 
3340.000000	81.251889 
3339.000000	81.253342 
3338.000000	81.254798 
3337.000000	81.256995 
3336.000000	81.260148 
3335.000000	81.263755 
3334.000000	81.266947 
3333.000000	81.269167 
3332.000000	81.270571 
3331.000000	81.271889 
3330.000000	81.273836 
3329.000000	81.276484 
3328.000000	81.279177 
3327.000000	81.281087 
3326.000000	81.281956 
3325.000000	81.282332 
3324.000000	81.283140 
3323.000000	81.284937 
3322.000000	81.287626 
3321.000000	81.290644 
3320.000000	81.293330 
3319.000000	81.295324 
3318.000000	81.296685 
3317.000000	81.297750 
3316.000000	81.298804 
3315.000000	81.299875 
3314.000000	81.300828 
3313.000000	81.301586 
3312.000000	81.302231 
3311.000000	81.302988 
3310.000000	81.304145 
3309.000000	81.305857 
3308.000000	81.307943 
3307.000000	81.309920 
3306.000000	81.311444 
3305.000000	81.312726 
3304.000000	81.314324 
3303.000000	81.316516 
3302.000000	81.318948 
3301.000000	81.320931 
3300.000000	81.322123 
3299.000000	81.322747 
3298.000000	81.323291 
3297.000000	81.324077 
3296.000000	81.325150 
3295.000000	81.326439 
3294.000000	81.327811 
3293.000000	81.329016 
3292.000000	81.329814 
3291.000000	81.330196 
3290.000000	81.330450 
3289.000000	81.330956 
3288.000000	81.331867 
3287.000000	81.333035 
3286.000000	81.334123 
3285.000000	81.334874 
3284.000000	81.335276 
3283.000000	81.335526 
3282.000000	81.335861 
3281.000000	81.336361 
3280.000000	81.336933 
3279.000000	81.337427 
3278.000000	81.337792 
3277.000000	81.338115 
3276.000000	81.338528 
3275.000000	81.339076 
3274.000000	81.339684 
3273.000000	81.340205 
3272.000000	81.340548 
3271.000000	81.340723 
3270.000000	81.340812 
3269.000000	81.340908 
3268.000000	81.341056 
3267.000000	81.341269 
3266.000000	81.341543 
3265.000000	81.341846 
3264.000000	81.342097 
3263.000000	81.342196 
3262.000000	81.342117 
3261.000000	81.341942 
3260.000000	81.341780 
3259.000000	81.341637 
3258.000000	81.341399 
3257.000000	81.341002 
3256.000000	81.340600 
3255.000000	81.340506 
3254.000000	81.340911 
3253.000000	81.341659 
3252.000000	81.342332 
3251.000000	81.342586 
3250.000000	81.342294 
3249.000000	81.341518 
3248.000000	81.340555 
3247.000000	81.339908 
3246.000000	81.339887 
3245.000000	81.340114 
3244.000000	81.339763 
3243.000000	81.338523 
3242.000000	81.337121 
3241.000000	81.336590 
3240.000000	81.337031 
3239.000000	81.337484 
3238.000000	81.337032 
3237.000000	81.335840 
3236.000000	81.334899 
3235.000000	81.334942 
3234.000000	81.335816 
3233.000000	81.336747 
3232.000000	81.337070 
3231.000000	81.336722 
3230.000000	81.336197 
3229.000000	81.336131 
3228.000000	81.336891 
3227.000000	81.338451 
3226.000000	81.340453 
3225.000000	81.342284 
3224.000000	81.343321 
3223.000000	81.343399 
3222.000000	81.343064 
3221.000000	81.343192 
3220.000000	81.344177 
3219.000000	81.345611 
3218.000000	81.346777 
3217.000000	81.347402 
3216.000000	81.347862 
3215.000000	81.348748 
3214.000000	81.350298 
3213.000000	81.352282 
3212.000000	81.354278 
3211.000000	81.356009 
3210.000000	81.357462 
3209.000000	81.358770 
3208.000000	81.360077 
3207.000000	81.361487 
3206.000000	81.363028 
3205.000000	81.364639 
3204.000000	81.366206 
3203.000000	81.367667 
3202.000000	81.369076 
3201.000000	81.370575 
3200.000000	81.372301 
3199.000000	81.374290 
3198.000000	81.376450 
3197.000000	81.378602 
3196.000000	81.380607 
3195.000000	81.382464 
3194.000000	81.384271 
3193.000000	81.386111 
3192.000000	81.387992 
3191.000000	81.389881 
3190.000000	81.391766 
3189.000000	81.393644 
3188.000000	81.395508 
3187.000000	81.397364 
3186.000000	81.399223 
3185.000000	81.401095 
3184.000000	81.402983 
3183.000000	81.404883 
3182.000000	81.406788 
3181.000000	81.408698 
3180.000000	81.410615 
3179.000000	81.412547 
3178.000000	81.414495 
3177.000000	81.416455 
3176.000000	81.418415 
3175.000000	81.420368 
3174.000000	81.422311 
3173.000000	81.424247 
3172.000000	81.426183 
3171.000000	81.428117 
3170.000000	81.430049 
3169.000000	81.431979 
3168.000000	81.433913 
3167.000000	81.435855 
3166.000000	81.437810 
3165.000000	81.439778 
3164.000000	81.441753 
3163.000000	81.443732 
3162.000000	81.445711 
3161.000000	81.447689 
3160.000000	81.449666 
3159.000000	81.451640 
3158.000000	81.453611 
3157.000000	81.455572 
3156.000000	81.457520 
3155.000000	81.459457 
3154.000000	81.461390 
3153.000000	81.463328 
3152.000000	81.465276 
3151.000000	81.467234 
3150.000000	81.469198 
3149.000000	81.471165 
3148.000000	81.473137 
3147.000000	81.475118 
3146.000000	81.477110 
3145.000000	81.479112 
3144.000000	81.481117 
3143.000000	81.483113 
3142.000000	81.485090 
3141.000000	81.487044 
3140.000000	81.488979 
3139.000000	81.490903 
3138.000000	81.492822 
3137.000000	81.494733 
3136.000000	81.496628 
3135.000000	81.498503 
3134.000000	81.500362 
3133.000000	81.502222 
3132.000000	81.504099 
3131.000000	81.506003 
3130.000000	81.507929 
3129.000000	81.509862 
3128.000000	81.511788 
3127.000000	81.513702 
3126.000000	81.515603 
3125.000000	81.517492 
3124.000000	81.519367 
3123.000000	81.521226 
3122.000000	81.523065 
3121.000000	81.524886 
3120.000000	81.526696 
3119.000000	81.528505 
3118.000000	81.530319 
3117.000000	81.532143 
3116.000000	81.533977 
3115.000000	81.535824 
3114.000000	81.537678 
3113.000000	81.539538 
3112.000000	81.541402 
3111.000000	81.543241 
3110.000000	81.545064 
3109.000000	81.547022 
3108.000000	81.549220 
3107.000000	81.551337 
3106.000000	81.552798 
3105.000000	81.553744 
3104.000000	81.555461 
3103.000000	81.559224 
3102.000000	81.564602 
3101.000000	81.569256 
3100.000000	81.570906 
3099.000000	81.569336 
3098.000000	81.566504 
3097.000000	81.564604 
3096.000000	81.564360 
3095.000000	81.565203 
3094.000000	81.566647 
3093.000000	81.569123 
3092.000000	81.573328 
3091.000000	81.578911 
3090.000000	81.584180 
3089.000000	81.587319 
3088.000000	81.587807 
3087.000000	81.586393 
3086.000000	81.583939 
3085.000000	81.581076 
3084.000000	81.579054 
3083.000000	81.579804 
3082.000000	81.584142 
3081.000000	81.590291 
3080.000000	81.595342 
3079.000000	81.598394 
3078.000000	81.601446 
3077.000000	81.606888 
3076.000000	81.614692 
3075.000000	81.622354 
3074.000000	81.627064 
3073.000000	81.627752 
3072.000000	81.625711 
3071.000000	81.623752 
3070.000000	81.624216 
3069.000000	81.626932 
3068.000000	81.628909 
3067.000000	81.626573 
3066.000000	81.618824 
3065.000000	81.608161 
3064.000000	81.598993 
3063.000000	81.594700 
3062.000000	81.595755 
3061.000000	81.599848 
3060.000000	81.603595 
3059.000000	81.604726 
3058.000000	81.603431 
3057.000000	81.601918 
3056.000000	81.602158 
3055.000000	81.603150 
3054.000000	81.600406 
3053.000000	81.589297 
3052.000000	81.570033 
3051.000000	81.549109 
3050.000000	81.534577 
3049.000000	81.529252 
3048.000000	81.528947 
3047.000000	81.527249 
3046.000000	81.520847 
3045.000000	81.510174 
3044.000000	81.496872 
3043.000000	81.482133 
3042.000000	81.466668 
3041.000000	81.450491 
3040.000000	81.432507 
3039.000000	81.411375 
3038.000000	81.387117 
3037.000000	81.361096 
3036.000000	81.334019 
3035.000000	81.304975 
3034.000000	81.273030 
3033.000000	81.238565 
3032.000000	81.202834 
3031.000000	81.166598 
3030.000000	81.128507 
3029.000000	81.085403 
3028.000000	81.035400 
3027.000000	80.980222 
3026.000000	80.923736 
3025.000000	80.868441 
3024.000000	80.814147 
3023.000000	80.759914 
3022.000000	80.705930 
3021.000000	80.652704 
3020.000000	80.599279 
3019.000000	80.543339 
3018.000000	80.483111 
3017.000000	80.418797 
3016.000000	80.352300 
3015.000000	80.285588 
3014.000000	80.218754 
3013.000000	80.149426 
3012.000000	80.074937 
3011.000000	79.995608 
3010.000000	79.915027 
3009.000000	79.836249 
3008.000000	79.758422 
3007.000000	79.678117 
3006.000000	79.593714 
3005.000000	79.507744 
3004.000000	79.425088 
3003.000000	79.349364 
3002.000000	79.280693 
3001.000000	79.215998 
3000.000000	79.151259 
2999.000000	79.084291 
2998.000000	79.016618 
2997.000000	78.953311 
2996.000000	78.899352 
2995.000000	78.852123 
2994.000000	78.795259 
2993.000000	78.704573 
2992.000000	78.568606 
2991.000000	78.406550 
2990.000000	78.261059 
2989.000000	78.168293 
2988.000000	78.135581 
2987.000000	78.146394 
2986.000000	78.179539 
2985.000000	78.219058 
2984.000000	78.251320 
2983.000000	78.264939 
2982.000000	78.258082 
2981.000000	78.240308 
2980.000000	78.223150 
2979.000000	78.211167 
2978.000000	78.203299 
2977.000000	78.198167 
2976.000000	78.194944 
2975.000000	78.193082 
2974.000000	78.196012 
2973.000000	78.213123 
2972.000000	78.253180 
2971.000000	78.315772 
2970.000000	78.392542 
2969.000000	78.476940 
2968.000000	78.569402 
2967.000000	78.672023 
2966.000000	78.781112 
2965.000000	78.887534 
2964.000000	78.983335 
2963.000000	79.066011 
2962.000000	79.136760 
2961.000000	79.197064 
2960.000000	79.248606 
2959.000000	79.295441 
2958.000000	79.343438 
2957.000000	79.395661 
2956.000000	79.449040 
2955.000000	79.497632 
2954.000000	79.539460 
2953.000000	79.578416 
2952.000000	79.618726 
2951.000000	79.659046 
2950.000000	79.693319 
2949.000000	79.716539 
2948.000000	79.728300 
2947.000000	79.731780 
2946.000000	79.731756 
2945.000000	79.733809 
2944.000000	79.743222 
2943.000000	79.762963 
2942.000000	79.791974 
2941.000000	79.825291 
2940.000000	79.856641 
2939.000000	79.882550 
2938.000000	79.904849 
2937.000000	79.928846 
2936.000000	79.958544 
2935.000000	79.993585 
2934.000000	80.030521 
2933.000000	80.065852 
2932.000000	80.097453 
2931.000000	80.124490 
2930.000000	80.147670 
2929.000000	80.169229 
2928.000000	80.190922 
2927.000000	80.211556 
2926.000000	80.227644 
2925.000000	80.237390 
2924.000000	80.243433 
2923.000000	80.250850 
2922.000000	80.262363 
2921.000000	80.275583 
2920.000000	80.284339 
2919.000000	80.281438 
2918.000000	80.259856 
2917.000000	80.212902 
2916.000000	80.136377 
2915.000000	80.032799 
2914.000000	79.913597 
2913.000000	79.795700 
2912.000000	79.693869 
2911.000000	79.614445 
2910.000000	79.554392 
2909.000000	79.505406 
2908.000000	79.460083 
2907.000000	79.415154 
2906.000000	79.368422 
2905.000000	79.313612 
2904.000000	79.243015 
2903.000000	79.160197 
2902.000000	79.088567 
2901.000000	79.059815 
2900.000000	79.089367 
2899.000000	79.162118 
2898.000000	79.242782 
2897.000000	79.301007 
2896.000000	79.327886 
2895.000000	79.333266 
2894.000000	79.332706 
2893.000000	79.336995 
2892.000000	79.349127 
2891.000000	79.366335 
2890.000000	79.383655 
2889.000000	79.396631 
2888.000000	79.402692 
2887.000000	79.402543 
2886.000000	79.401580 
2885.000000	79.408931 
2884.000000	79.432943 
2883.000000	79.476106 
2882.000000	79.533815 
2881.000000	79.597625 
2880.000000	79.659858 
2879.000000	79.716663 
2878.000000	79.768211 
2877.000000	79.816520 
2876.000000	79.862784 
2875.000000	79.906612 
2874.000000	79.947574 
2873.000000	79.986475 
2872.000000	80.024582 
2871.000000	80.062384 
2870.000000	80.099979 
2869.000000	80.138191 
2868.000000	80.178496 
2867.000000	80.222250 
2866.000000	80.270663 
2865.000000	80.324972 
2864.000000	80.385714 
2863.000000	80.452217 
2862.000000	80.523537 
2861.000000	80.599171 
2860.000000	80.677637 
2859.000000	80.755057 
2858.000000	80.827141 
2857.000000	80.893242 
2856.000000	80.957035 
2855.000000	81.022113 
2854.000000	81.088071 
2853.000000	81.151236 
2852.000000	81.207426 
2851.000000	81.252994 
2850.000000	81.284376 
2849.000000	81.298360 
2848.000000	81.293744 
2847.000000	81.273278 
2846.000000	81.244279 
2845.000000	81.216536 
2844.000000	81.197781 
2843.000000	81.189936 
2842.000000	81.189436 
2841.000000	81.191212 
2840.000000	81.192502 
2839.000000	81.193603 
2838.000000	81.196241 
2837.000000	81.201670 
2836.000000	81.209579 
2835.000000	81.218030 
2834.000000	81.224600 
2833.000000	81.228211 
2832.000000	81.230123 
2831.000000	81.232901 
2830.000000	81.238008 
2829.000000	81.244129 
2828.000000	81.248028 
2827.000000	81.247795 
2826.000000	81.245706 
2825.000000	81.247315 
2824.000000	81.256758 
2823.000000	81.272616 
2822.000000	81.288910 
2821.000000	81.300306 
2820.000000	81.306104 
2819.000000	81.309160 
2818.000000	81.311911 
2817.000000	81.314453 
2816.000000	81.316274 
2815.000000	81.318446 
2814.000000	81.322875 
2813.000000	81.329583 
2812.000000	81.336087 
2811.000000	81.340278 
2810.000000	81.343218 
2809.000000	81.347961 
2808.000000	81.355794 
2807.000000	81.364667 
2806.000000	81.371453 
2805.000000	81.374798 
2804.000000	81.375571 
2803.000000	81.375655 
2802.000000	81.376984 
2801.000000	81.380833 
2800.000000	81.386976 
2799.000000	81.393683 
2798.000000	81.399063 
2797.000000	81.402415 
2796.000000	81.404314 
2795.000000	81.405828 
2794.000000	81.407758 
2793.000000	81.410261 
2792.000000	81.412994 
2791.000000	81.415682 
2790.000000	81.418605 
2789.000000	81.422433 
2788.000000	81.427391 
2787.000000	81.432664 
2786.000000	81.436930 
2785.000000	81.439646 
2784.000000	81.441561 
2783.000000	81.443910 
2782.000000	81.447097 
2781.000000	81.450370 
2780.000000	81.452763 
2779.000000	81.454099 
2778.000000	81.455072 
2777.000000	81.456509 
2776.000000	81.458602 
2775.000000	81.460974 
2774.000000	81.463307 
2773.000000	81.465728 
2772.000000	81.468569 
2771.000000	81.471907 
2770.000000	81.475377 
2769.000000	81.478391 
2768.000000	81.480572 
2767.000000	81.482047 
2766.000000	81.483436 
2765.000000	81.485393 
2764.000000	81.488039 
2763.000000	81.490961 
2762.000000	81.493667 
2761.000000	81.496047 
2760.000000	81.498284 
2759.000000	81.500475 
2758.000000	81.502546 
2757.000000	81.504511 
2756.000000	81.506588 
2755.000000	81.508969 
2754.000000	81.511572 
2753.000000	81.514110 
2752.000000	81.516408 
2751.000000	81.518574 
2750.000000	81.520828 
2749.000000	81.523189 
2748.000000	81.525473 
2747.000000	81.527622 
2746.000000	81.529878 
2745.000000	81.532448 
2744.000000	81.535129 
2743.000000	81.537493 
2742.000000	81.539446 
2741.000000	81.541424 
2740.000000	81.543872 
2739.000000	81.546716 
2738.000000	81.549601 
2737.000000	81.552486 
2736.000000	81.555534 
2735.000000	81.558519 
2734.000000	81.560934 
2733.000000	81.562826 
2732.000000	81.564940 
2731.000000	81.567770 
2730.000000	81.571035 
2729.000000	81.574249 
2728.000000	81.577273 
2727.000000	81.580007 
2726.000000	81.582094 
2725.000000	81.583391 
2724.000000	81.584331 
2723.000000	81.585331 
2722.000000	81.586397 
2721.000000	81.587673 
2720.000000	81.589716 
2719.000000	81.592769 
2718.000000	81.596113 
2717.000000	81.598737 
2716.000000	81.600423 
2715.000000	81.601701 
2714.000000	81.602947 
2713.000000	81.604019 
2712.000000	81.604813 
2711.000000	81.605665 
2710.000000	81.607060 
2709.000000	81.609243 
2708.000000	81.612151 
2707.000000	81.615414 
2706.000000	81.618381 
2705.000000	81.620524 
2704.000000	81.621925 
2703.000000	81.623102 
2702.000000	81.624243 
2701.000000	81.624929 
2700.000000	81.624852 
2699.000000	81.624532 
2698.000000	81.624934 
2697.000000	81.626395 
2696.000000	81.628196 
2695.000000	81.629214 
2694.000000	81.628944 
2693.000000	81.627941 
2692.000000	81.627515 
2691.000000	81.628900 
2690.000000	81.632330 
2689.000000	81.636652 
2688.000000	81.640073 
2687.000000	81.641759 
2686.000000	81.642525 
2685.000000	81.643633 
2684.000000	81.644992 
2683.000000	81.645164 
2682.000000	81.643303 
2681.000000	81.640480 
2680.000000	81.638624 
2679.000000	81.638435 
2678.000000	81.638881 
2677.000000	81.638513 
2676.000000	81.636930 
2675.000000	81.634988 
2674.000000	81.634003 
2673.000000	81.634809 
2672.000000	81.637239 
2671.000000	81.640326 
2670.000000	81.643142 
2669.000000	81.645522 
2668.000000	81.647811 
2667.000000	81.650073 
2666.000000	81.651862 
2665.000000	81.652783 
2664.000000	81.652997 
2663.000000	81.653073 
2662.000000	81.653471 
2661.000000	81.654231 
2660.000000	81.655047 
2659.000000	81.655608 
2658.000000	81.655926 
2657.000000	81.656350 
2656.000000	81.657209 
2655.000000	81.658411 
2654.000000	81.659466 
2653.000000	81.659882 
2652.000000	81.659531 
2651.000000	81.658719 
2650.000000	81.658030 
2649.000000	81.657960 
2648.000000	81.658565 
2647.000000	81.659428 
2646.000000	81.660026 
2645.000000	81.660200 
2644.000000	81.660203 
2643.000000	81.660371 
2642.000000	81.660796 
2641.000000	81.661300 
2640.000000	81.661636 
2639.000000	81.661713 
2638.000000	81.661672 
2637.000000	81.661787 
2636.000000	81.662209 
2635.000000	81.662848 
2634.000000	81.663489 
2633.000000	81.663988 
2632.000000	81.664366 
2631.000000	81.664694 
2630.000000	81.665003 
2629.000000	81.665285 
2628.000000	81.665534 
2627.000000	81.665760 
2626.000000	81.665978 
2625.000000	81.666177 
2624.000000	81.666332 
2623.000000	81.666437 
2622.000000	81.666508 
2621.000000	81.666569 
2620.000000	81.666633 
2619.000000	81.666705 
2618.000000	81.666787 
2617.000000	81.666878 
2616.000000	81.666964 
2615.000000	81.667033 
2614.000000	81.667088 
2613.000000	81.667146 
2612.000000	81.667228 
2611.000000	81.667334 
2610.000000	81.667454 
2609.000000	81.667579 
2608.000000	81.667719 
2607.000000	81.667893 
2606.000000	81.668107 
2605.000000	81.668327 
2604.000000	81.668495 
2603.000000	81.668570 
2602.000000	81.668574 
2601.000000	81.668576 
2600.000000	81.668592 
2599.000000	81.668567 
2598.000000	81.668477 
2597.000000	81.668386 
2596.000000	81.668380 
2595.000000	81.668461 
2594.000000	81.668527 
2593.000000	81.668467 
2592.000000	81.668254 
2591.000000	81.667945 
2590.000000	81.667633 
2589.000000	81.667387 
2588.000000	81.667220 
2587.000000	81.667099 
2586.000000	81.666978 
2585.000000	81.666839 
2584.000000	81.666692 
2583.000000	81.666522 
2582.000000	81.666298 
2581.000000	81.666028 
2580.000000	81.665797 
2579.000000	81.665696 
2578.000000	81.665742 
2577.000000	81.665877 
2576.000000	81.666014 
2575.000000	81.666073 
2574.000000	81.666044 
2573.000000	81.666016 
2572.000000	81.666067 
2571.000000	81.666132 
2570.000000	81.666060 
2569.000000	81.665836 
2568.000000	81.665617 
2567.000000	81.665477 
2566.000000	81.665271 
2565.000000	81.664838 
2564.000000	81.664244 
2563.000000	81.663718 
2562.000000	81.663386 
2561.000000	81.663215 
2560.000000	81.663173 
2559.000000	81.663277 
2558.000000	81.663475 
2557.000000	81.663580 
2556.000000	81.663447 
2555.000000	81.663143 
2554.000000	81.662881 
2553.000000	81.662756 
2552.000000	81.662630 
2551.000000	81.662357 
2550.000000	81.662005 
2549.000000	81.661777 
2548.000000	81.661738 
2547.000000	81.661750 
2546.000000	81.661659 
2545.000000	81.661486 
2544.000000	81.661333 
2543.000000	81.661212 
2542.000000	81.661063 
2541.000000	81.660863 
2540.000000	81.660659 
2539.000000	81.660482 
2538.000000	81.660284 
2537.000000	81.659990 
2536.000000	81.659594 
2535.000000	81.659148 
2534.000000	81.658721 
2533.000000	81.658347 
2532.000000	81.658024 
2531.000000	81.657697 
2530.000000	81.657303 
2529.000000	81.656830 
2528.000000	81.656320 
2527.000000	81.655821 
2526.000000	81.655343 
2525.000000	81.654887 
2524.000000	81.654467 
2523.000000	81.654091 
2522.000000	81.653719 
2521.000000	81.653287 
2520.000000	81.652767 
2519.000000	81.652193 
2518.000000	81.651636 
2517.000000	81.651156 
2516.000000	81.650754 
2515.000000	81.650345 
2514.000000	81.649845 
2513.000000	81.649284 
2512.000000	81.648817 
2511.000000	81.648597 
2510.000000	81.648645 
2509.000000	81.648790 
2508.000000	81.648689 
2507.000000	81.648027 
2506.000000	81.646876 
2505.000000	81.645871 
2504.000000	81.645725 
2503.000000	81.646480 
2502.000000	81.647304 
2501.000000	81.647277 
2500.000000	81.646226 
2499.000000	81.644649 
2498.000000	81.643106 
2497.000000	81.641797 
2496.000000	81.640630 
2495.000000	81.639366 
2494.000000	81.637822 
2493.000000	81.636206 
2492.000000	81.635129 
2491.000000	81.635014 
2490.000000	81.635574 
2489.000000	81.636052 
2488.000000	81.635976 
2487.000000	81.635409 
2486.000000	81.634630 
2485.000000	81.633894 
2484.000000	81.633413 
2483.000000	81.633227 
2482.000000	81.633119 
2481.000000	81.632828 
2480.000000	81.632400 
2479.000000	81.632170 
2478.000000	81.632403 
2477.000000	81.633079 
2476.000000	81.633971 
2475.000000	81.634730 
2474.000000	81.634945 
2473.000000	81.634381 
2472.000000	81.633294 
2471.000000	81.632322 
2470.000000	81.631863 
2469.000000	81.631619 
2468.000000	81.630960 
2467.000000	81.629693 
2466.000000	81.628293 
2465.000000	81.627342 
2464.000000	81.626865 
2463.000000	81.626360 
2462.000000	81.625426 
2461.000000	81.624201 
2460.000000	81.623170 
2459.000000	81.622626 
2458.000000	81.622455 
2457.000000	81.622303 
2456.000000	81.621896 
2455.000000	81.621214 
2454.000000	81.620426 
2453.000000	81.619694 
2452.000000	81.619067 
2451.000000	81.618522 
2450.000000	81.618042 
2449.000000	81.617578 
2448.000000	81.617031 
2447.000000	81.616345 
2446.000000	81.615584 
2445.000000	81.614895 
2444.000000	81.614337 
2443.000000	81.613802 
2442.000000	81.613129 
2441.000000	81.612285 
2440.000000	81.611394 
2439.000000	81.610627 
2438.000000	81.610054 
2437.000000	81.609645 
2436.000000	81.609333 
2435.000000	81.609036 
2434.000000	81.608671 
2433.000000	81.608192 
2432.000000	81.607600 
2431.000000	81.606915 
2430.000000	81.606161 
2429.000000	81.605413 
2428.000000	81.604794 
2427.000000	81.604362 
2426.000000	81.604033 
2425.000000	81.603681 
2424.000000	81.603302 
2423.000000	81.603000 
2422.000000	81.602839 
2421.000000	81.602742 
2420.000000	81.602518 
2419.000000	81.601990 
2418.000000	81.601153 
2417.000000	81.600234 
2416.000000	81.599519 
2415.000000	81.599068 
2414.000000	81.598705 
2413.000000	81.598281 
2412.000000	81.597793 
2411.000000	81.597256 
2410.000000	81.596657 
2409.000000	81.596123 
2408.000000	81.595939 
2407.000000	81.596224 
2406.000000	81.596701 
2405.000000	81.596897 
2404.000000	81.596508 
2403.000000	81.595559 
2402.000000	81.594391 
2401.000000	81.593370 
2400.000000	81.592649 
2399.000000	81.592057 
2398.000000	81.591322 
2397.000000	81.590384 
2396.000000	81.589424 
2395.000000	81.588589 
2394.000000	81.587876 
2393.000000	81.587209 
2392.000000	81.586504 
2391.000000	81.585708 
2390.000000	81.584785 
2389.000000	81.583765 
2388.000000	81.582742 
2387.000000	81.581729 
2386.000000	81.580713 
2385.000000	81.579677 
2384.000000	81.578611 
2383.000000	81.577511 
2382.000000	81.576380 
2381.000000	81.575228 
2380.000000	81.574063 
2379.000000	81.572889 
2378.000000	81.571704 
2377.000000	81.570497 
2376.000000	81.569264 
2375.000000	81.568005 
2374.000000	81.566723 
2373.000000	81.565421 
2372.000000	81.564095 
2371.000000	81.562734 
2370.000000	81.561331 
2369.000000	81.559885 
2368.000000	81.558399 
2367.000000	81.556871 
2366.000000	81.555289 
2365.000000	81.553642 
2364.000000	81.551933 
2363.000000	81.550180 
2362.000000	81.548412 
2361.000000	81.546657 
2360.000000	81.544926 
2359.000000	81.543209 
2358.000000	81.541491 
2357.000000	81.539766 
2356.000000	81.538043 
2355.000000	81.536330 
2354.000000	81.534629 
2353.000000	81.532928 
2352.000000	81.531207 
2351.000000	81.529448 
2350.000000	81.527658 
2349.000000	81.525865 
2348.000000	81.524120 
2347.000000	81.522469 
2346.000000	81.520921 
2345.000000	81.519472 
2344.000000	81.518097 
2343.000000	81.516713 
2342.000000	81.515281 
2341.000000	81.513861 
2340.000000	81.512534 
2339.000000	81.511384 
2338.000000	81.510437 
2337.000000	81.509639 
2336.000000	81.508598 
2335.000000	81.507164 
2334.000000	81.505670 
2333.000000	81.504964 
2332.000000	81.504751 
2331.000000	81.504648 
2330.000000	81.503636 
2329.000000	81.502224 
2328.000000	81.499904 
2327.000000	81.497499 
2326.000000	81.495682 
2325.000000	81.494609 
2324.000000	81.493590 
2323.000000	81.492173 
2322.000000	81.491687 
2321.000000	81.492996 
2320.000000	81.495081 
2319.000000	81.497045 
2318.000000	81.497703 
2317.000000	81.497906 
2316.000000	81.497141 
2315.000000	81.497678 
2314.000000	81.499831 
2313.000000	81.504464 
2312.000000	81.508368 
2311.000000	81.511177 
2310.000000	81.512769 
2309.000000	81.515641 
2308.000000	81.519308 
2307.000000	81.524175 
2306.000000	81.529287 
2305.000000	81.534388 
2304.000000	81.536821 
2303.000000	81.536584 
2302.000000	81.534925 
2301.000000	81.535181 
2300.000000	81.537491 
2299.000000	81.541540 
2298.000000	81.544671 
2297.000000	81.546135 
2296.000000	81.545139 
2295.000000	81.543429 
2294.000000	81.542533 
2293.000000	81.543404 
2292.000000	81.544598 
2291.000000	81.544536 
2290.000000	81.543308 
2289.000000	81.542560 
2288.000000	81.543546 
2287.000000	81.545636 
2286.000000	81.547532 
2285.000000	81.548432 
2284.000000	81.548678 
2283.000000	81.548535 
2282.000000	81.547921 
2281.000000	81.546774 
2280.000000	81.545820 
2279.000000	81.545951 
2278.000000	81.547234 
2277.000000	81.548755 
2276.000000	81.549458 
2275.000000	81.549122 
2274.000000	81.548260 
2273.000000	81.547544 
2272.000000	81.547249 
2271.000000	81.547286 
2270.000000	81.547362 
2269.000000	81.547175 
2268.000000	81.546632 
2267.000000	81.545961 
2266.000000	81.545532 
2265.000000	81.545501 
2264.000000	81.545701 
2263.000000	81.545852 
2262.000000	81.545824 
2261.000000	81.545668 
2260.000000	81.545494 
2259.000000	81.545368 
2258.000000	81.545295 
2257.000000	81.545238 
2256.000000	81.545151 
2255.000000	81.545020 
2254.000000	81.544858 
2253.000000	81.544698 
2252.000000	81.544579 
2251.000000	81.544531 
2250.000000	81.544550 
2249.000000	81.544585 
2248.000000	81.544566 
2247.000000	81.544476 
2246.000000	81.544402 
2245.000000	81.544464 
2244.000000	81.544684 
2243.000000	81.544955 
2242.000000	81.545158 
2241.000000	81.545284 
2240.000000	81.545415 
2239.000000	81.545628 
2238.000000	81.545938 
2237.000000	81.546292 
2236.000000	81.546575 
2235.000000	81.546664 
2234.000000	81.546561 
2233.000000	81.546490 
2232.000000	81.546751 
2231.000000	81.547477 
2230.000000	81.548521 
2229.000000	81.549564 
2228.000000	81.550324 
2227.000000	81.550654 
2226.000000	81.550543 
2225.000000	81.550115 
2224.000000	81.549527 
2223.000000	81.548885 
2222.000000	81.548312 
2221.000000	81.547955 
2220.000000	81.547832 
2219.000000	81.547800 
2218.000000	81.547819 
2217.000000	81.548119 
2216.000000	81.548866 
2215.000000	81.549734 
2214.000000	81.550142 
2213.000000	81.549937 
2212.000000	81.549530 
2211.000000	81.549358 
2210.000000	81.549385 
2209.000000	81.549314 
2208.000000	81.548992 
2207.000000	81.548476 
2206.000000	81.547897 
2205.000000	81.547460 
2204.000000	81.547362 
2203.000000	81.547560 
2202.000000	81.547733 
2201.000000	81.547580 
2200.000000	81.547054 
2199.000000	81.546269 
2198.000000	81.545373 
2197.000000	81.544556 
2196.000000	81.544032 
2195.000000	81.543851 
2194.000000	81.543777 
2193.000000	81.543484 
2192.000000	81.542874 
2191.000000	81.542117 
2190.000000	81.541454 
2189.000000	81.540997 
2188.000000	81.540672 
2187.000000	81.540260 
2186.000000	81.539638 
2185.000000	81.538958 
2184.000000	81.538514 
2183.000000	81.538386 
2182.000000	81.538359 
2181.000000	81.538142 
2180.000000	81.537677 
2179.000000	81.537136 
2178.000000	81.536675 
2177.000000	81.536290 
2176.000000	81.535902 
2175.000000	81.535479 
2174.000000	81.535018 
2173.000000	81.534508 
2172.000000	81.533948 
2171.000000	81.533382 
2170.000000	81.532888 
2169.000000	81.532529 
2168.000000	81.532311 
2167.000000	81.532145 
2166.000000	81.531864 
2165.000000	81.531369 
2164.000000	81.530726 
2163.000000	81.530118 
2162.000000	81.529624 
2161.000000	81.529144 
2160.000000	81.528571 
2159.000000	81.527926 
2158.000000	81.527270 
2157.000000	81.526592 
2156.000000	81.525877 
2155.000000	81.525173 
2154.000000	81.524523 
2153.000000	81.523856 
2152.000000	81.523064 
2151.000000	81.522150 
2150.000000	81.521239 
2149.000000	81.520460 
2148.000000	81.519831 
2147.000000	81.519276 
2146.000000	81.518679 
2145.000000	81.517980 
2144.000000	81.517198 
2143.000000	81.516409 
2142.000000	81.515690 
2141.000000	81.515059 
2140.000000	81.514485 
2139.000000	81.513901 
2138.000000	81.513259 
2137.000000	81.512557 
2136.000000	81.511844 
2135.000000	81.511181 
2134.000000	81.510583 
2133.000000	81.509995 
2132.000000	81.509338 
2131.000000	81.508585 
2130.000000	81.507785 
2129.000000	81.507027 
2128.000000	81.506364 
2127.000000	81.505800 
2126.000000	81.505323 
2125.000000	81.504901 
2124.000000	81.504480 
2123.000000	81.504026 
2122.000000	81.503583 
2121.000000	81.503239 
2120.000000	81.503024 
2119.000000	81.502868 
2118.000000	81.502671 
2117.000000	81.502408 
2116.000000	81.502141 
2115.000000	81.501939 
2114.000000	81.501804 
2113.000000	81.501691 
2112.000000	81.501582 
2111.000000	81.501497 
2110.000000	81.501431 
2109.000000	81.501328 
2108.000000	81.501182 
2107.000000	81.501076 
2106.000000	81.501081 
2105.000000	81.501125 
2104.000000	81.501055 
2103.000000	81.500828 
2102.000000	81.500591 
2101.000000	81.500526 
2100.000000	81.500656 
2099.000000	81.500843 
2098.000000	81.500935 
2097.000000	81.500871 
2096.000000	81.500683 
2095.000000	81.500456 
2094.000000	81.500297 
2093.000000	81.500264 
2092.000000	81.500310 
2091.000000	81.500300 
2090.000000	81.500150 
2089.000000	81.499966 
2088.000000	81.499975 
2087.000000	81.500278 
2086.000000	81.500706 
2085.000000	81.500965 
2084.000000	81.500938 
2083.000000	81.500800 
2082.000000	81.500816 
2081.000000	81.501066 
2080.000000	81.501365 
2079.000000	81.501411 
2078.000000	81.500966 
2077.000000	81.499995 
2076.000000	81.498769 
2075.000000	81.497769 
2074.000000	81.497369 
2073.000000	81.497523 
2072.000000	81.497743 
2071.000000	81.497452 
2070.000000	81.496427 
2069.000000	81.494982 
2068.000000	81.493784 
2067.000000	81.493307 
2066.000000	81.493418 
2065.000000	81.493492 
2064.000000	81.493034 
2063.000000	81.492094 
2062.000000	81.491002 
2061.000000	81.489861 
2060.000000	81.488536 
2059.000000	81.486969 
2058.000000	81.485270 
2057.000000	81.483565 
2056.000000	81.481923 
2055.000000	81.480471 
2054.000000	81.479391 
2053.000000	81.478754 
2052.000000	81.478412 
2051.000000	81.478005 
2050.000000	81.477059 
2049.000000	81.475259 
2048.000000	81.472741 
2047.000000	81.470085 
2046.000000	81.467852 
2045.000000	81.466185 
2044.000000	81.464895 
2043.000000	81.463714 
2042.000000	81.462396 
2041.000000	81.460778 
2040.000000	81.458967 
2039.000000	81.457335 
2038.000000	81.456110 
2037.000000	81.454996 
2036.000000	81.453433 
2035.000000	81.451228 
2034.000000	81.448704 
2033.000000	81.446240 
2032.000000	81.443886 
2031.000000	81.441544 
2030.000000	81.439230 
2029.000000	81.437013 
2028.000000	81.434868 
2027.000000	81.432767 
2026.000000	81.430786 
2025.000000	81.429062 
2024.000000	81.427688 
2023.000000	81.426613 
2022.000000	81.425574 
2021.000000	81.424194 
2020.000000	81.422437 
2019.000000	81.420832 
2018.000000	81.419913 
2017.000000	81.419371 
2016.000000	81.418162 
2015.000000	81.415696 
2014.000000	81.412487 
2013.000000	81.409613 
2012.000000	81.407621 
2011.000000	81.406281 
2010.000000	81.405111 
2009.000000	81.403806 
2008.000000	81.402246 
2007.000000	81.400458 
2006.000000	81.398596 
2005.000000	81.396741 
2004.000000	81.394742 
2003.000000	81.392526 
2002.000000	81.390515 
2001.000000	81.389244 
2000.000000	81.388607 
1999.000000	81.387845 
1998.000000	81.386506 
1997.000000	81.384959 
1996.000000	81.383801 
1995.000000	81.383186 
1994.000000	81.382837 
1993.000000	81.382446 
1992.000000	81.381957 
1991.000000	81.381552 
1990.000000	81.381466 
1989.000000	81.381634 
1988.000000	81.381474 
1987.000000	81.380339 
1986.000000	81.378240 
1985.000000	81.375944 
1984.000000	81.374171 
1983.000000	81.372863 
1982.000000	81.371470 
1981.000000	81.369724 
1980.000000	81.368028 
1979.000000	81.367056 
1978.000000	81.367075 
1977.000000	81.367629 
1976.000000	81.367811 
1975.000000	81.366982 
1974.000000	81.365180 
1973.000000	81.363002 
1972.000000	81.361162 
1971.000000	81.360024 
1970.000000	81.359492 
1969.000000	81.359226 
1968.000000	81.358979 
1967.000000	81.358705 
1966.000000	81.358354 
1965.000000	81.357802 
1964.000000	81.357014 
1963.000000	81.356054 
1962.000000	81.354894 
1961.000000	81.353338 
1960.000000	81.351305 
1959.000000	81.349121 
1958.000000	81.347311 
1957.000000	81.346036 
1956.000000	81.344905 
1955.000000	81.343386 
1954.000000	81.341342 
1953.000000	81.339118 
1952.000000	81.337188 
1951.000000	81.335762 
1950.000000	81.334737 
1949.000000	81.333860 
1948.000000	81.332872 
1947.000000	81.331572 
1946.000000	81.329927 
1945.000000	81.328172 
1944.000000	81.326705 
1943.000000	81.325751 
1942.000000	81.325147 
1941.000000	81.324440 
1940.000000	81.323347 
1939.000000	81.321905 
1938.000000	81.320238 
1937.000000	81.318438 
1936.000000	81.316622 
1935.000000	81.314970 
1934.000000	81.313581 
1933.000000	81.312362 
1932.000000	81.311121 
1931.000000	81.309779 
1930.000000	81.308415 
1929.000000	81.307098 
1928.000000	81.305762 
1927.000000	81.304248 
1926.000000	81.302525 
1925.000000	81.300781 
1924.000000	81.299314 
1923.000000	81.298298 
1922.000000	81.297593 
1921.000000	81.296841 
1920.000000	81.295777 
1919.000000	81.294363 
1918.000000	81.292822 
1917.000000	81.291442 
1916.000000	81.290320 
1915.000000	81.289525 
1914.000000	81.289067 
1913.000000	81.288670 
1912.000000	81.287884 
1911.000000	81.286635 
1910.000000	81.285534 
1909.000000	81.285069 
1908.000000	81.284523 
1907.000000	81.282404 
1906.000000	81.278261 
1905.000000	81.273345 
1904.000000	81.269490 
1903.000000	81.267595 
1902.000000	81.267280 
1901.000000	81.267554 
1900.000000	81.267421 
1899.000000	81.266500 
1898.000000	81.265466 
1897.000000	81.265281 
1896.000000	81.265928 
1895.000000	81.266348 
1894.000000	81.265740 
1893.000000	81.264470 
1892.000000	81.263320 
1891.000000	81.262660 
1890.000000	81.262695 
1889.000000	81.263234 
1888.000000	81.263081 
1887.000000	81.261501 
1886.000000	81.259615 
1885.000000	81.259112 
1884.000000	81.259879 
1883.000000	81.259798 
1882.000000	81.257802 
1881.000000	81.256015 
1880.000000	81.257452 
1879.000000	81.262247 
1878.000000	81.267332 
1877.000000	81.269569 
1876.000000	81.268553 
1875.000000	81.266333 
1874.000000	81.264927 
1873.000000	81.264520 
1872.000000	81.263897 
1871.000000	81.262307 
1870.000000	81.261332 
1869.000000	81.264150 
1868.000000	81.270983 
1867.000000	81.278088 
1866.000000	81.282964 
1865.000000	81.285947 
1864.000000	81.287778 
1863.000000	81.288986 
1862.000000	81.290798 
1861.000000	81.294970 
1860.000000	81.301916 
1859.000000	81.309696 
1858.000000	81.315688 
1857.000000	81.318838 
1856.000000	81.319984 
1855.000000	81.321015 
1854.000000	81.323793 
1853.000000	81.328657 
1852.000000	81.333949 
1851.000000	81.337315 
1850.000000	81.338341 
1849.000000	81.339251 
1848.000000	81.342373 
1847.000000	81.347785 
1846.000000	81.353518 
1845.000000	81.357680 
1844.000000	81.360100 
1843.000000	81.361631 
1842.000000	81.363127 
1841.000000	81.365399 
1840.000000	81.367933 
1839.000000	81.369341 
1838.000000	81.369554 
1837.000000	81.369620 
1836.000000	81.369999 
1835.000000	81.370684 
1834.000000	81.372333 
1833.000000	81.375829 
1832.000000	81.380608 
1831.000000	81.384281 
1830.000000	81.384818 
1829.000000	81.382027 
1828.000000	81.377835 
1827.000000	81.375533 
1826.000000	81.376686 
1825.000000	81.380425 
1824.000000	81.384336 
1823.000000	81.386538 
1822.000000	81.387667 
1821.000000	81.389055 
1820.000000	81.390677 
1819.000000	81.391469 
1818.000000	81.391023 
1817.000000	81.390277 
1816.000000	81.390257 
1815.000000	81.391000 
1814.000000	81.392591 
1813.000000	81.396493 
1812.000000	81.403649 
1811.000000	81.411253 
1810.000000	81.414157 
1809.000000	81.411253 
1808.000000	81.406955 
1807.000000	81.405243 
1806.000000	81.406652 
1805.000000	81.410814 
1804.000000	81.417963 
1803.000000	81.427329 
1802.000000	81.436173 
1801.000000	81.442187 
1800.000000	81.444661 
1799.000000	81.444272 
1798.000000	81.443688 
1797.000000	81.446267 
1796.000000	81.452835 
1795.000000	81.460526 
1794.000000	81.466199 
1793.000000	81.471750 
1792.000000	81.483286 
1791.000000	81.500965 
1790.000000	81.517669 
1789.000000	81.529705 
1788.000000	81.538511 
1787.000000	81.545877 
1786.000000	81.552805 
1785.000000	81.560407 
1784.000000	81.568932 
1783.000000	81.577729 
1782.000000	81.587119 
1781.000000	81.598664 
1780.000000	81.611709 
1779.000000	81.622828 
1778.000000	81.630969 
1777.000000	81.639141 
1776.000000	81.650075 
1775.000000	81.662194 
1774.000000	81.671079 
1773.000000	81.675162 
1772.000000	81.679501 
1771.000000	81.689694 
1770.000000	81.706314 
1769.000000	81.727093 
1768.000000	81.747608 
1767.000000	81.762705 
1766.000000	81.770475 
1765.000000	81.774652 
1764.000000	81.779911 
1763.000000	81.788287 
1762.000000	81.799118 
1761.000000	81.808657 
1760.000000	81.813660 
1759.000000	81.816473 
1758.000000	81.821763 
1757.000000	81.831399 
1756.000000	81.842192 
1755.000000	81.848985 
1754.000000	81.850792 
1753.000000	81.848797 
1752.000000	81.844943 
1751.000000	81.844907 
1750.000000	81.852836 
1749.000000	81.864053 
1748.000000	81.871131 
1747.000000	81.871094 
1746.000000	81.866848 
1745.000000	81.864942 
1744.000000	81.869522 
1743.000000	81.878088 
1742.000000	81.882498 
1741.000000	81.876201 
1740.000000	81.861140 
1739.000000	81.846479 
1738.000000	81.838153 
1737.000000	81.834875 
1736.000000	81.830395 
1735.000000	81.817272 
1734.000000	81.800282 
1733.000000	81.789096 
1732.000000	81.782369 
1731.000000	81.780370 
1730.000000	81.782502 
1729.000000	81.783522 
1728.000000	81.779358 
1727.000000	81.771011 
1726.000000	81.761072 
1725.000000	81.750822 
1724.000000	81.740944 
1723.000000	81.732571 
1722.000000	81.725558 
1721.000000	81.717871 
1720.000000	81.706190 
1719.000000	81.687169 
1718.000000	81.665243 
1717.000000	81.652480 
1716.000000	81.651253 
1715.000000	81.652133 
1714.000000	81.648267 
1713.000000	81.640824 
1712.000000	81.635243 
1711.000000	81.634075 
1710.000000	81.634244 
1709.000000	81.631978 
1708.000000	81.628017 
1707.000000	81.625197 
1706.000000	81.625730 
1705.000000	81.631318 
1704.000000	81.642333 
1703.000000	81.657252 
1702.000000	81.668294 
1701.000000	81.665943 
1700.000000	81.658505 
1699.000000	81.658569 
1698.000000	81.665099 
1697.000000	81.679074 
1696.000000	81.698067 
1695.000000	81.713691 
1694.000000	81.720556 
1693.000000	81.723573 
1692.000000	81.729242 
1691.000000	81.740394 
1690.000000	81.759532 
1689.000000	81.786654 
1688.000000	81.814846 
1687.000000	81.835174 
1686.000000	81.842404 
1685.000000	81.843447 
1684.000000	81.859693 
1683.000000	81.889727 
1682.000000	81.914952 
1681.000000	81.937597 
1680.000000	81.960827 
1679.000000	81.982506 
1678.000000	82.001547 
1677.000000	82.019881 
1676.000000	82.037369 
1675.000000	82.053215 
1674.000000	82.067168 
1673.000000	82.079702 
1672.000000	82.091469 
1671.000000	82.100847 
1670.000000	82.109465 
1669.000000	82.122926 
1668.000000	82.142083 
1667.000000	82.163728 
1666.000000	82.186427 
1665.000000	82.208480 
1664.000000	82.226555 
1663.000000	82.239577 
1662.000000	82.250333 
1661.000000	82.261006 
1660.000000	82.270067 
1659.000000	82.274730 
1658.000000	82.276718 
1657.000000	82.281970 
1656.000000	82.292694 
1655.000000	82.298780 
1654.000000	82.291733 
1653.000000	82.285679 
1652.000000	82.286310 
1651.000000	82.282326 
1650.000000	82.279036 
1649.000000	82.277537 
1648.000000	82.275252 
1647.000000	82.271329 
1646.000000	82.269702 
1645.000000	82.269952 
1644.000000	82.272292 
1643.000000	82.276235 
1642.000000	82.278263 
1641.000000	82.276005 
1640.000000	82.271554 
1639.000000	82.268787 
1638.000000	82.268151 
1637.000000	82.265944 
1636.000000	82.263233 
1635.000000	82.264588 
1634.000000	82.268478 
1633.000000	82.271646 
1632.000000	82.274012 
1631.000000	82.277062 
1630.000000	82.281870 
1629.000000	82.289564 
1628.000000	82.300028 
1627.000000	82.311349 
1626.000000	82.321769 
1625.000000	82.330681 
1624.000000	82.337583 
1623.000000	82.342901 
1622.000000	82.347904 
1621.000000	82.354468 
1620.000000	82.364867 
1619.000000	82.378222 
1618.000000	82.389943 
1617.000000	82.397707 
1616.000000	82.404117 
1615.000000	82.410796 
1614.000000	82.417784 
1613.000000	82.424133 
1612.000000	82.427624 
1611.000000	82.428505 
1610.000000	82.431095 
1609.000000	82.439085 
1608.000000	82.451336 
1607.000000	82.465236 
1606.000000	82.479903 
1605.000000	82.494709 
1604.000000	82.507469 
1603.000000	82.516776 
1602.000000	82.524449 
1601.000000	82.532279 
1600.000000	82.540300 
1599.000000	82.548596 
1598.000000	82.557509 
1597.000000	82.565025 
1596.000000	82.566908 
1595.000000	82.561597 
1594.000000	82.553180 
1593.000000	82.547308 
1592.000000	82.545701 
1591.000000	82.546505 
1590.000000	82.547639 
1589.000000	82.547719 
1588.000000	82.545712 
1587.000000	82.542180 
1586.000000	82.539098 
1585.000000	82.536682 
1584.000000	82.532311 
1583.000000	82.523594 
1582.000000	82.512557 
1581.000000	82.504076 
1580.000000	82.500636 
1579.000000	82.500413 
1578.000000	82.497588 
1577.000000	82.484597 
1576.000000	82.460500 
1575.000000	82.435349 
1574.000000	82.418578 
1573.000000	82.410602 
1572.000000	82.404670 
1571.000000	82.393580 
1570.000000	82.378771 
1569.000000	82.367119 
1568.000000	82.358120 
1567.000000	82.347948 
1566.000000	82.336525 
1565.000000	82.325849 
1564.000000	82.319050 
1563.000000	82.318679 
1562.000000	82.323381 
1561.000000	82.321820 
1560.000000	82.297982 
1559.000000	82.271300 
1558.000000	82.264125 
1557.000000	82.259373 
1556.000000	82.255948 
1555.000000	82.256451 
1554.000000	82.258176 
1553.000000	82.255590 
1552.000000	82.248821 
1551.000000	82.242658 
1550.000000	82.241280 
1549.000000	82.243097 
1548.000000	82.244759 
1547.000000	82.246955 
1546.000000	82.252474 
1545.000000	82.264343 
1544.000000	82.283483 
1543.000000	82.307237 
1542.000000	82.331802 
1541.000000	82.352859 
1540.000000	82.361690 
1539.000000	82.348320 
1538.000000	82.317596 
1537.000000	82.283377 
1536.000000	82.248793 
1535.000000	82.208203 
1534.000000	82.160761 
1533.000000	82.118095 
1532.000000	82.084912 
1531.000000	82.054662 
1530.000000	82.024863 
1529.000000	81.999200 
1528.000000	81.981843 
1527.000000	81.972124 
1526.000000	81.965346 
1525.000000	81.958231 
1524.000000	81.950469 
1523.000000	81.941005 
1522.000000	81.930373 
1521.000000	81.921867 
1520.000000	81.911912 
1519.000000	81.895849 
1518.000000	81.878789 
1517.000000	81.869062 
1516.000000	81.868201 
1515.000000	81.868557 
1514.000000	81.864427 
1513.000000	81.855899 
1512.000000	81.845507 
1511.000000	81.836372 
1510.000000	81.829764 
1509.000000	81.825323 
1508.000000	81.826610 
1507.000000	81.840123 
1506.000000	81.849380 
1505.000000	81.836531 
1504.000000	81.815584 
1503.000000	81.800225 
1502.000000	81.793810 
1501.000000	81.794213 
1500.000000	81.798646 
1499.000000	81.804191 
1498.000000	81.805982 
1497.000000	81.801068 
1496.000000	81.793212 
1495.000000	81.786578 
1494.000000	81.779967 
1493.000000	81.771523 
1492.000000	81.762910 
1491.000000	81.761769 
1490.000000	81.776320 
1489.000000	81.801071 
1488.000000	81.820297 
1487.000000	81.826166 
1486.000000	81.821935 
1485.000000	81.814480 
1484.000000	81.809276 
1483.000000	81.809596 
1482.000000	81.816572 
1481.000000	81.827496 
1480.000000	81.837455 
1479.000000	81.845151 
1478.000000	81.854893 
1477.000000	81.872294 
1476.000000	81.898103 
1475.000000	81.926935 
1474.000000	81.955320 
1473.000000	81.988012 
1472.000000	82.025821 
1471.000000	82.058488 
1470.000000	82.081800 
1469.000000	82.102455 
1468.000000	82.126389 
1467.000000	82.153678 
1466.000000	82.180195 
1465.000000	82.201365 
1464.000000	82.212980 
1463.000000	82.213825 
1462.000000	82.208192 
1461.000000	82.202296 
1460.000000	82.200637 
1459.000000	82.203414 
1458.000000	82.204182 
1457.000000	82.189817 
1456.000000	82.151198 
1455.000000	82.099273 
1454.000000	82.054809 
1453.000000	82.025501 
1452.000000	82.006740 
1451.000000	81.992289 
1450.000000	81.983124 
1449.000000	81.985589 
1448.000000	82.002685 
1447.000000	82.025388 
1446.000000	82.039296 
1445.000000	82.039348 
1444.000000	82.030255 
1443.000000	82.019645 
1442.000000	82.013176 
1441.000000	82.011919 
1440.000000	82.014468 
1439.000000	82.019556 
1438.000000	82.025996 
1437.000000	82.033440 
1436.000000	82.039439 
1435.000000	82.037856 
1434.000000	82.029258 
1433.000000	82.020506 
1432.000000	82.015385 
1431.000000	82.013662 
1430.000000	82.012166 
1429.000000	82.006488 
1428.000000	81.995567 
1427.000000	81.982580 
1426.000000	81.970662 
1425.000000	81.960008 
1424.000000	81.949086 
1423.000000	81.936463 
1422.000000	81.920085 
1421.000000	81.896614 
1420.000000	81.865591 
1419.000000	81.834484 
1418.000000	81.806189 
1417.000000	81.772817 
1416.000000	81.731689 
1415.000000	81.686906 
1414.000000	81.641432 
1413.000000	81.595762 
1412.000000	81.551540 
1411.000000	81.512879 
1410.000000	81.480985 
1409.000000	81.452918 
1408.000000	81.428566 
1407.000000	81.413455 
1406.000000	81.413275 
1405.000000	81.428911 
1404.000000	81.456366 
1403.000000	81.489209 
1402.000000	81.521841 
1401.000000	81.552222 
1400.000000	81.581154 
1399.000000	81.604841 
1398.000000	81.607335 
1397.000000	81.570018 
1396.000000	81.493276 
1395.000000	81.412273 
1394.000000	81.377619 
1393.000000	81.406741 
1392.000000	81.474774 
1391.000000	81.544739 
1390.000000	81.592993 
1389.000000	81.613806 
1388.000000	81.613040 
1387.000000	81.600981 
1386.000000	81.586312 
1385.000000	81.574099 
1384.000000	81.567218 
1383.000000	81.566881 
1382.000000	81.572852 
1381.000000	81.584566 
1380.000000	81.601910 
1379.000000	81.624081 
1378.000000	81.648665 
1377.000000	81.673484 
1376.000000	81.699260 
1375.000000	81.728942 
1374.000000	81.763163 
1373.000000	81.797789 
1372.000000	81.829250 
1371.000000	81.859663 
1370.000000	81.893674 
1369.000000	81.932110 
1368.000000	81.970412 
1367.000000	82.003912 
1366.000000	82.032880 
1365.000000	82.061645 
1364.000000	82.094222 
1363.000000	82.130824 
1362.000000	82.166785 
1361.000000	82.195923 
1360.000000	82.216073 
1359.000000	82.230254 
1358.000000	82.244309 
1357.000000	82.263725 
1356.000000	82.290122 
1355.000000	82.319720 
1354.000000	82.345999 
1353.000000	82.365469 
1352.000000	82.379099 
1351.000000	82.388278 
1350.000000	82.394849 
1349.000000	82.400776 
1348.000000	82.405306 
1347.000000	82.407303 
1346.000000	82.407417 
1345.000000	82.406710 
1344.000000	82.405476 
1343.000000	82.404728 
1342.000000	82.406658 
1341.000000	82.412262 
1340.000000	82.419686 
1339.000000	82.426354 
1338.000000	82.431920 
1337.000000	82.437750 
1336.000000	82.443949 
1335.000000	82.448650 
1334.000000	82.450601 
1333.000000	82.451120 
1332.000000	82.453223 
1331.000000	82.459720 
1330.000000	82.471302 
1329.000000	82.484888 
1328.000000	82.494620 
1327.000000	82.496557 
1326.000000	82.492830 
1325.000000	82.489875 
1324.000000	82.493362 
1323.000000	82.504782 
1322.000000	82.520403 
1321.000000	82.533268 
1320.000000	82.538123 
1319.000000	82.535816 
1318.000000	82.532098 
1317.000000	82.531998 
1316.000000	82.536518 
1315.000000	82.544117 
1314.000000	82.552417 
1313.000000	82.558109 
1312.000000	82.558178 
1311.000000	82.553118 
1310.000000	82.547422 
1309.000000	82.545213 
1308.000000	82.546288 
1307.000000	82.547441 
1306.000000	82.546832 
1305.000000	82.545534 
1304.000000	82.545877 
1303.000000	82.549319 
1302.000000	82.554803 
1301.000000	82.558594 
1300.000000	82.556756 
1299.000000	82.549074 
1298.000000	82.539755 
1297.000000	82.533624 
1296.000000	82.532113 
1295.000000	82.533364 
1294.000000	82.534653 
1293.000000	82.533489 
1292.000000	82.528025 
1291.000000	82.518519 
1290.000000	82.507866 
1289.000000	82.499049 
1288.000000	82.491897 
1287.000000	82.483265 
1286.000000	82.470715 
1285.000000	82.454940 
1284.000000	82.438968 
1283.000000	82.426055 
1282.000000	82.416930 
1281.000000	82.408799 
1280.000000	82.397904 
1279.000000	82.382656 
1278.000000	82.364083 
1277.000000	82.344404 
1276.000000	82.325355 
1275.000000	82.307150 
1274.000000	82.288680 
1273.000000	82.269013 
1272.000000	82.248932 
1271.000000	82.230198 
1270.000000	82.212876 
1269.000000	82.194640 
1268.000000	82.173783 
1267.000000	82.151648 
1266.000000	82.130367 
1265.000000	82.108874 
1264.000000	82.083024 
1263.000000	82.049775 
1262.000000	82.010408 
1261.000000	81.969648 
1260.000000	81.931803 
1259.000000	81.896985 
1258.000000	81.860821 
1257.000000	81.819569 
1256.000000	81.776139 
1255.000000	81.738507 
1254.000000	81.710241 
1253.000000	81.685399 
1252.000000	81.656427 
1251.000000	81.625526 
1250.000000	81.603586 
1249.000000	81.598227 
1248.000000	81.607122 
1247.000000	81.621597 
1246.000000	81.630649 
1245.000000	81.621447 
1244.000000	81.585360 
1243.000000	81.531481 
1242.000000	81.489368 
1241.000000	81.486599 
1240.000000	81.521742 
1239.000000	81.562896 
1238.000000	81.576611 
1237.000000	81.555022 
1236.000000	81.512698 
1235.000000	81.466011 
1234.000000	81.421466 
1233.000000	81.380224 
1232.000000	81.343956 
1231.000000	81.312747 
1230.000000	81.282875 
1229.000000	81.251504 
1228.000000	81.221647 
1227.000000	81.199220 
1226.000000	81.186148 
1225.000000	81.178538 
1224.000000	81.170622 
1223.000000	81.158478 
1222.000000	81.140968 
1221.000000	81.119365 
1220.000000	81.095928 
1219.000000	81.071425 
1218.000000	81.044098 
1217.000000	81.011785 
1216.000000	80.974262 
1215.000000	80.932711 
1214.000000	80.888183 
1213.000000	80.841486 
1212.000000	80.792773 
1211.000000	80.739896 
1210.000000	80.679590 
1209.000000	80.612651 
1208.000000	80.545534 
1207.000000	80.483135 
1206.000000	80.421789 
1205.000000	80.353830 
1204.000000	80.277822 
1203.000000	80.199729 
1202.000000	80.124668 
1201.000000	80.052411 
1200.000000	79.981249 
1199.000000	79.911142 
1198.000000	79.841836 
1197.000000	79.771761 
1196.000000	79.699654 
1195.000000	79.624935 
1194.000000	79.546887 
1193.000000	79.465922 
1192.000000	79.385060 
1191.000000	79.306689 
1190.000000	79.228642 
1189.000000	79.147858 
1188.000000	79.066757 
1187.000000	78.990444 
1186.000000	78.917938 
1185.000000	78.842197 
1184.000000	78.759115 
1183.000000	78.670532 
1182.000000	78.578041 
1181.000000	78.480378 
1180.000000	78.378278 
1179.000000	78.275353 
1178.000000	78.171416 
1177.000000	78.060389 
1176.000000	77.937551 
1175.000000	77.804618 
1174.000000	77.666309 
1173.000000	77.526619 
1172.000000	77.389170 
1171.000000	77.254775 
1170.000000	77.116906 
1169.000000	76.967024 
1168.000000	76.808006 
1167.000000	76.656358 
1166.000000	76.528112 
1165.000000	76.428801 
1164.000000	76.359683 
1163.000000	76.325543 
1162.000000	76.330884 
1161.000000	76.373012 
1160.000000	76.441514 
1159.000000	76.519384 
1158.000000	76.583669 
1157.000000	76.612745 
1156.000000	76.597604 
1155.000000	76.543749 
1154.000000	76.461938 
1153.000000	76.361043 
1152.000000	76.249414 
1151.000000	76.135237 
1150.000000	76.021362 
1149.000000	75.905050 
1148.000000	75.786094 
1147.000000	75.670107 
1146.000000	75.560903 
1145.000000	75.454747 
1144.000000	75.345169 
1143.000000	75.229385 
1142.000000	75.108523 
1141.000000	74.986190 
1140.000000	74.867603 
1139.000000	74.754816 
1138.000000	74.642452 
1137.000000	74.523935 
1136.000000	74.401021 
1135.000000	74.279822 
1134.000000	74.158528 
1133.000000	74.028521 
1132.000000	73.888140 
1131.000000	73.745543 
1130.000000	73.606633 
1129.000000	73.469748 
1128.000000	73.333420 
1127.000000	73.198760 
1126.000000	73.062248 
1125.000000	72.916799 
1124.000000	72.762260 
1123.000000	72.605075 
1122.000000	72.446429 
1121.000000	72.281625 
1120.000000	72.112142 
1119.000000	71.945507 
1118.000000	71.781538 
1117.000000	71.612483 
1116.000000	71.438851 
1115.000000	71.270362 
1114.000000	71.108012 
1113.000000	70.940261 
1112.000000	70.761383 
1111.000000	70.578826 
1110.000000	70.396851 
1109.000000	70.208237 
1108.000000	70.009720 
1107.000000	69.810050 
1106.000000	69.616019 
1105.000000	69.425015 
1104.000000	69.235872 
1103.000000	69.052955 
1102.000000	68.875065 
1101.000000	68.693083 
1100.000000	68.503853 
1099.000000	68.314103 
1098.000000	68.127959 
1097.000000	67.942686 
1096.000000	67.757739 
1095.000000	67.575109 
1094.000000	67.387342 
1093.000000	67.179133 
1092.000000	66.946366 
1091.000000	66.703733 
1090.000000	66.469151 
1089.000000	66.249317 
1088.000000	66.043048 
1087.000000	65.846993 
1086.000000	65.653595 
1085.000000	65.454553 
1084.000000	65.251392 
1083.000000	65.053190 
1082.000000	64.861157 
1081.000000	64.667216 
1080.000000	64.471222 
1079.000000	64.286429 
1078.000000	64.123049 
1077.000000	63.979193 
1076.000000	63.851987 
1075.000000	63.742772 
1074.000000	63.646074 
1073.000000	63.548125 
1072.000000	63.440085 
1071.000000	63.315294 
1070.000000	63.150507 
1069.000000	62.915495 
1068.000000	62.616119 
1067.000000	62.311939 
1066.000000	62.071104 
1065.000000	61.914082 
1064.000000	61.811341 
1063.000000	61.716626 
1062.000000	61.588167 
1061.000000	61.395498 
1060.000000	61.133417 
1059.000000	60.833123 
1058.000000	60.544893 
1057.000000	60.303643 
1056.000000	60.113034 
1055.000000	59.953520 
1054.000000	59.797885 
1053.000000	59.628274 
1052.000000	59.448183 
1051.000000	59.274320 
1050.000000	59.114404 
1049.000000	58.962033 
1048.000000	58.813150 
1047.000000	58.671900 
1046.000000	58.538221 
1045.000000	58.405615 
1044.000000	58.273790 
1043.000000	58.148808 
1042.000000	58.027757 
1041.000000	57.897143 
1040.000000	57.751242 
1039.000000	57.602008 
1038.000000	57.469254 
1037.000000	57.370311 
1036.000000	57.315701 
1035.000000	57.299897 
1034.000000	57.297175 
1033.000000	57.279681 
1032.000000	57.235763 
1031.000000	57.160469 
1030.000000	57.045437 
1029.000000	56.903881 
1028.000000	56.792197 
1027.000000	56.769029 
1026.000000	56.829513 
1025.000000	56.907393 
1024.000000	56.946470 
1023.000000	56.942664 
1022.000000	56.914994 
1021.000000	56.872427 
1020.000000	56.820989 
1019.000000	56.772533 
1018.000000	56.729079 
1017.000000	56.679267 
1016.000000	56.621592 
1015.000000	56.570876 
1014.000000	56.533244 
1013.000000	56.496613 
1012.000000	56.454661 
1011.000000	56.418061 
1010.000000	56.393045 
1009.000000	56.370761 
1008.000000	56.347244 
1007.000000	56.332999 
1006.000000	56.333470 
1005.000000	56.340016 
1004.000000	56.348854 
1003.000000	56.369576 
1002.000000	56.406946 
1001.000000	56.452992 
1000.000000	56.503419 
999.000000	 56.562347 
998.000000	 56.625314 
997.000000	 56.678952 
996.000000	 56.724593 
995.000000	 56.781286 
994.000000	 56.857683 
993.000000	 56.940723 
992.000000	 57.018916 
991.000000	 57.096613 
990.000000	 57.178101 
989.000000	 57.258763 
988.000000	 57.340963 
987.000000	 57.438692 
986.000000	 57.556756 
985.000000	 57.683193 
984.000000	 57.809700 
983.000000	 57.942490 
982.000000	 58.088116 
981.000000	 58.245782 
980.000000	 58.418770 
979.000000	 58.615705 
978.000000	 58.832994 
977.000000	 59.053519 
976.000000	 59.270348 
975.000000	 59.495877 
974.000000	 59.741542 
973.000000	 60.004325 
972.000000	 60.277966 
971.000000	 60.561187 
970.000000	 60.849491 
969.000000	 61.134447 
968.000000	 61.416731 
967.000000	 61.706261 
966.000000	 62.005342 
965.000000	 62.304403 
964.000000	 62.596383 
963.000000	 62.881761 
962.000000	 63.158629 
961.000000	 63.422868 
960.000000	 63.679473 
959.000000	 63.938435 
958.000000	 64.197346 
957.000000	 64.442856 
956.000000	 64.671019 
955.000000	 64.891130 
954.000000	 65.107914 
953.000000	 65.315192 
952.000000	 65.509034 
951.000000	 65.691675 
950.000000	 65.860479 
949.000000	 66.009042 
948.000000	 66.142273 
947.000000	 66.274489 
946.000000	 66.408172 
945.000000	 66.529385 
944.000000	 66.628561 
943.000000	 66.711837 
942.000000	 66.788551 
941.000000	 66.861899 
940.000000	 66.936025 
939.000000	 67.017191 
938.000000	 67.102163 
937.000000	 67.179048 
936.000000	 67.245195 
935.000000	 67.311789 
934.000000	 67.386236 
933.000000	 67.463048 
932.000000	 67.536543 
931.000000	 67.609252 
930.000000	 67.682968 
929.000000	 67.754313 
928.000000	 67.824404 
927.000000	 67.900713 
926.000000	 67.984124 
925.000000	 68.065010 
924.000000	 68.135854 
923.000000	 68.196826 
922.000000	 68.246875 
921.000000	 68.282275 
920.000000	 68.307023 
919.000000	 68.331374 
918.000000	 68.356061 
917.000000	 68.370931 
916.000000	 68.373637 
915.000000	 68.376933 
914.000000	 68.393237 
913.000000	 68.425428 
912.000000	 68.477467 
911.000000	 68.559309 
910.000000	 68.673816 
909.000000	 68.811164 
908.000000	 68.963564 
907.000000	 69.135240 
906.000000	 69.332178 
905.000000	 69.552364 
904.000000	 69.791154 
903.000000	 70.046380 
902.000000	 70.313108 
901.000000	 70.581484 
900.000000	 70.844090 
899.000000	 71.100456 
898.000000	 71.354090 
897.000000	 71.609833 
896.000000	 71.870258 
895.000000	 72.127339 
894.000000	 72.363891 
893.000000	 72.574603 
892.000000	 72.779908 
891.000000	 73.004935 
890.000000	 73.247577 
889.000000	 73.481330 
888.000000	 73.687260 
887.000000	 73.868296 
886.000000	 74.034651 
885.000000	 74.192900 
884.000000	 74.350811 
883.000000	 74.515925 
882.000000	 74.685671 
881.000000	 74.854488 
880.000000	 75.033753 
879.000000	 75.246651 
878.000000	 75.496654 
877.000000	 75.757688 
876.000000	 76.003748 
875.000000	 76.233761 
874.000000	 76.460005 
873.000000	 76.687306 
872.000000	 76.913815 
871.000000	 77.140442 
870.000000	 77.368773 
869.000000	 77.596901 
868.000000	 77.824245 
867.000000	 78.053668 
866.000000	 78.284185 
865.000000	 78.509167 
864.000000	 78.726241 
863.000000	 78.941147 
862.000000	 79.156658 
861.000000	 79.365078 
860.000000	 79.558094 
859.000000	 79.738524 
858.000000	 79.916473 
857.000000	 80.097621 
856.000000	 80.279168 
855.000000	 80.452983 
854.000000	 80.609386 
853.000000	 80.743223 
852.000000	 80.860520 
851.000000	 80.974850 
850.000000	 81.093224 
849.000000	 81.209420 
848.000000	 81.313640 
847.000000	 81.402358 
846.000000	 81.474726 
845.000000	 81.527072 
844.000000	 81.558229 
843.000000	 81.574583 
842.000000	 81.581001 
841.000000	 81.569940 
840.000000	 81.528679 
839.000000	 81.456787 
838.000000	 81.369355 
837.000000	 81.283364 
836.000000	 81.206952 
835.000000	 81.140391 
834.000000	 81.079670 
833.000000	 81.019501 
832.000000	 80.960624 
831.000000	 80.915375 
830.000000	 80.899322 
829.000000	 80.915232 
828.000000	 80.949959 
827.000000	 80.987999 
826.000000	 81.023066 
825.000000	 81.055553 
824.000000	 81.085343 
823.000000	 81.111287 
822.000000	 81.133085 
821.000000	 81.148738 
820.000000	 81.152269 
819.000000	 81.137039 
818.000000	 81.099609 
817.000000	 81.038041 
816.000000	 80.947908 
815.000000	 80.822745 
814.000000	 80.657674 
813.000000	 80.449483 
812.000000	 80.192398 
811.000000	 79.875889 
810.000000	 79.488356 
809.000000	 79.022763 
808.000000	 78.479143 
807.000000	 77.864486 
806.000000	 77.193543 
805.000000	 76.490705 
804.000000	 75.787633 
803.000000	 75.113378 
802.000000	 74.486604 
801.000000	 73.923089 
800.000000	 73.448518 
799.000000	 73.092055 
798.000000	 72.865715 
797.000000	 72.760902 
796.000000	 72.763992 
795.000000	 72.859312 
794.000000	 73.015856 
793.000000	 73.190401 
792.000000	 73.352280 
791.000000	 73.494129 
790.000000	 73.614283 
789.000000	 73.699893 
788.000000	 73.731659 
787.000000	 73.695504 
786.000000	 73.585813 
785.000000	 73.406391 
784.000000	 73.173475 
783.000000	 72.911731 
782.000000	 72.644584 
781.000000	 72.394444 
780.000000	 72.190399 
779.000000	 72.062319 
778.000000	 72.024173 
777.000000	 72.073954 
776.000000	 72.209003 
775.000000	 72.425205 
774.000000	 72.700165 
773.000000	 72.997025 
772.000000	 73.292290 
771.000000	 73.585154 
770.000000	 73.873962 
769.000000	 74.140204 
768.000000	 74.365920 
767.000000	 74.554354 
766.000000	 74.721993 
765.000000	 74.878615 
764.000000	 75.025510 
763.000000	 75.165780 
762.000000	 75.304284 
761.000000	 75.440172 
760.000000	 75.568607 
759.000000	 75.689203 
758.000000	 75.807489 
757.000000	 75.929962 
756.000000	 76.061116 
755.000000	 76.201245 
754.000000	 76.343190 
753.000000	 76.476033 
752.000000	 76.596945 
751.000000	 76.715070 
750.000000	 76.839098 
749.000000	 76.966650 
748.000000	 77.092612 
747.000000	 77.223071 
746.000000	 77.371552 
745.000000	 77.541923 
744.000000	 77.723799 
743.000000	 77.907855 
742.000000	 78.099156 
741.000000	 78.309517 
740.000000	 78.538956 
739.000000	 78.769925 
738.000000	 78.981012 
737.000000	 79.163802 
736.000000	 79.324878 
735.000000	 79.474910 
734.000000	 79.619371 
733.000000	 79.757619 
732.000000	 79.885379 
731.000000	 79.996455 
730.000000	 80.085327 
729.000000	 80.150565 
728.000000	 80.199283 
727.000000	 80.245328 
726.000000	 80.297582 
725.000000	 80.354484 
724.000000	 80.412354 
723.000000	 80.474388 
722.000000	 80.547646 
721.000000	 80.632794 
720.000000	 80.720290 
719.000000	 80.795454 
718.000000	 80.846208 
717.000000	 80.870725 
716.000000	 80.880988 
715.000000	 80.896329 
714.000000	 80.927114 
713.000000	 80.962764 
712.000000	 80.980034 
711.000000	 80.962238 
710.000000	 80.909212 
709.000000	 80.832763 
708.000000	 80.748884 
707.000000	 80.674186 
706.000000	 80.612609 
705.000000	 80.543089 
704.000000	 80.430764 
703.000000	 80.251221 
702.000000	 80.003467 
701.000000	 79.697718 
700.000000	 79.335772 
699.000000	 78.917235 
698.000000	 78.461861 
697.000000	 78.022310 
696.000000	 77.672171 
695.000000	 77.471609 
694.000000	 77.444273 
693.000000	 77.573202 
692.000000	 77.806846 
691.000000	 78.082136 
690.000000	 78.352690 
689.000000	 78.602684 
688.000000	 78.833671 
687.000000	 79.042048 
686.000000	 79.224351 
685.000000	 79.392268 
684.000000	 79.562498 
683.000000	 79.737018 
682.000000	 79.900313 
681.000000	 80.034891 
680.000000	 80.135454 
679.000000	 80.217915 
678.000000	 80.313428 
677.000000	 80.435101 
676.000000	 80.567911 
675.000000	 80.696150 
674.000000	 80.827453 
673.000000	 80.977485 
672.000000	 81.152296 
671.000000	 81.356114 
670.000000	 81.606134 
669.000000	 81.900048 
668.000000	 82.108326 
667.000000	 82.117341 
666.000000	 82.039889 
665.000000	 81.981249 
664.000000	 81.963584 
663.000000	 81.999738 
662.000000	 82.080410 
661.000000	 82.177166 
660.000000	 82.260925 
659.000000	 82.325473 
658.000000	 82.368138 
657.000000	 82.378266 
656.000000	 82.368036 
655.000000	 82.382011 
654.000000	 82.437276 
653.000000	 82.494998 
652.000000	 82.521856 
651.000000	 82.536740 
650.000000	 82.573974 

