4000.000000	93.312401 
3999.000000	93.311351 
3998.000000	93.310250 
3997.000000	93.309303 
3996.000000	93.308666 
3995.000000	93.308442 
3994.000000	93.308419 
3993.000000	93.308102 
3992.000000	93.307113 
3991.000000	93.305391 
3990.000000	93.303519 
3989.000000	93.302240 
3988.000000	93.301904 
3987.000000	93.302353 
3986.000000	93.303023 
3985.000000	93.303325 
3984.000000	93.302846 
3983.000000	93.301464 
3982.000000	93.299467 
3981.000000	93.297434 
3980.000000	93.295855 
3979.000000	93.294885 
3978.000000	93.294358 
3977.000000	93.293905 
3976.000000	93.293030 
3975.000000	93.291308 
3974.000000	93.288756 
3973.000000	93.286069 
3972.000000	93.284251 
3971.000000	93.283904 
3970.000000	93.284908 
3969.000000	93.286639 
3968.000000	93.288441 
3967.000000	93.289937 
3966.000000	93.290922 
3965.000000	93.291162 
3964.000000	93.290427 
3963.000000	93.288760 
3962.000000	93.286720 
3961.000000	93.285126 
3960.000000	93.284354 
3959.000000	93.284105 
3958.000000	93.283986 
3957.000000	93.284189 
3956.000000	93.285258 
3955.000000	93.287198 
3954.000000	93.289138 
3953.000000	93.290075 
3952.000000	93.289770 
3951.000000	93.288737 
3950.000000	93.287401 
3949.000000	93.285507 
3948.000000	93.282492 
3947.000000	93.278350 
3946.000000	93.274115 
3945.000000	93.271019 
3944.000000	93.269384 
3943.000000	93.268753 
3942.000000	93.268691 
3941.000000	93.269210 
3940.000000	93.270352 
3939.000000	93.271743 
3938.000000	93.272874 
3937.000000	93.273624 
3936.000000	93.274200 
3935.000000	93.274772 
3934.000000	93.275293 
3933.000000	93.275635 
3932.000000	93.275699 
3931.000000	93.275539 
3930.000000	93.275459 
3929.000000	93.275722 
3928.000000	93.276047 
3927.000000	93.275508 
3926.000000	93.273394 
3925.000000	93.270329 
3924.000000	93.268009 
3923.000000	93.267413 
3922.000000	93.267767 
3921.000000	93.267633 
3920.000000	93.266602 
3919.000000	93.265469 
3918.000000	93.265124 
3917.000000	93.265757 
3916.000000	93.266969 
3915.000000	93.268239 
3914.000000	93.269208 
3913.000000	93.269856 
3912.000000	93.270344 
3911.000000	93.270470 
3910.000000	93.269598 
3909.000000	93.267469 
3908.000000	93.264851 
3907.000000	93.263091 
3906.000000	93.262606 
3905.000000	93.262261 
3904.000000	93.260434 
3903.000000	93.256735 
3902.000000	93.252511 
3901.000000	93.249591 
3900.000000	93.248738 
3899.000000	93.249411 
3898.000000	93.250583 
3897.000000	93.251574 
3896.000000	93.252279 
3895.000000	93.253078 
3894.000000	93.254112 
3893.000000	93.254623 
3892.000000	93.253574 
3891.000000	93.251385 
3890.000000	93.249888 
3889.000000	93.250055 
3888.000000	93.250622 
3887.000000	93.249830 
3886.000000	93.247678 
3885.000000	93.246008 
3884.000000	93.246391 
3883.000000	93.248075 
3882.000000	93.249023 
3881.000000	93.248597 
3880.000000	93.247723 
3879.000000	93.247563 
3878.000000	93.248654 
3877.000000	93.250662 
3876.000000	93.252995 
3875.000000	93.255226 
3874.000000	93.256722 
3873.000000	93.256703 
3872.000000	93.254582 
3871.000000	93.250686 
3870.000000	93.247124 
3869.000000	93.246754 
3868.000000	93.250395 
3867.000000	93.255325 
3866.000000	93.257993 
3865.000000	93.257938 
3864.000000	93.256990 
3863.000000	93.256415 
3862.000000	93.256263 
3861.000000	93.256554 
3860.000000	93.258234 
3859.000000	93.262452 
3858.000000	93.269555 
3857.000000	93.279361 
3856.000000	93.290430 
3855.000000	93.298569 
3854.000000	93.299308 
3853.000000	93.295224 
3852.000000	93.294770 
3851.000000	93.298640 
3850.000000	93.299952 
3849.000000	93.296460 
3848.000000	93.292293 
3847.000000	93.290853 
3846.000000	93.291437 
3845.000000	93.291571 
3844.000000	93.289974 
3843.000000	93.287560 
3842.000000	93.286320 
3841.000000	93.287513 
3840.000000	93.290905 
3839.000000	93.295429 
3838.000000	93.300165 
3837.000000	93.304759 
3836.000000	93.308392 
3835.000000	93.309296 
3834.000000	93.306435 
3833.000000	93.301216 
3832.000000	93.296648 
3831.000000	93.294676 
3830.000000	93.294854 
3829.000000	93.295190 
3828.000000	93.294088 
3827.000000	93.291616 
3826.000000	93.289028 
3825.000000	93.287335 
3824.000000	93.286335 
3823.000000	93.285077 
3822.000000	93.283035 
3821.000000	93.281008 
3820.000000	93.280747 
3819.000000	93.282770 
3818.000000	93.285375 
3817.000000	93.287253 
3816.000000	93.288685 
3815.000000	93.290142 
3814.000000	93.291131 
3813.000000	93.289469 
3812.000000	93.283987 
3811.000000	93.277490 
3810.000000	93.273898 
3809.000000	93.274036 
3808.000000	93.276122 
3807.000000	93.278507 
3806.000000	93.280993 
3805.000000	93.283105 
3804.000000	93.282593 
3803.000000	93.277894 
3802.000000	93.270565 
3801.000000	93.264334 
3800.000000	93.262173 
3799.000000	93.263067 
3798.000000	93.262549 
3797.000000	93.258592 
3796.000000	93.253134 
3795.000000	93.248249 
3794.000000	93.244077 
3793.000000	93.239482 
3792.000000	93.234127 
3791.000000	93.229284 
3790.000000	93.226579 
3789.000000	93.226692 
3788.000000	93.229039 
3787.000000	93.231896 
3786.000000	93.232995 
3785.000000	93.231115 
3784.000000	93.227816 
3783.000000	93.226679 
3782.000000	93.230265 
3781.000000	93.237921 
3780.000000	93.246002 
3779.000000	93.250393 
3778.000000	93.249406 
3777.000000	93.244096 
3776.000000	93.236582 
3775.000000	93.229372 
3774.000000	93.225048 
3773.000000	93.225098 
3772.000000	93.229061 
3771.000000	93.235322 
3770.000000	93.242296 
3769.000000	93.248526 
3768.000000	93.251817 
3767.000000	93.249699 
3766.000000	93.242304 
3765.000000	93.233624 
3764.000000	93.228018 
3763.000000	93.226233 
3762.000000	93.225877 
3761.000000	93.225349 
3760.000000	93.225479 
3759.000000	93.226825 
3758.000000	93.228445 
3757.000000	93.230092 
3756.000000	93.233502 
3755.000000	93.241156 
3754.000000	93.254280 
3753.000000	93.273051 
3752.000000	93.295481 
3751.000000	93.315598 
3750.000000	93.327246 
3749.000000	93.329067 
3748.000000	93.324031 
3747.000000	93.315097 
3746.000000	93.303200 
3745.000000	93.288169 
3744.000000	93.272246 
3743.000000	93.262730 
3742.000000	93.259382 
3741.000000	93.250523 
3740.000000	93.235108 
3739.000000	93.224256 
3738.000000	93.219449 
3737.000000	93.211641 
3736.000000	93.198282 
3735.000000	93.188348 
3734.000000	93.187914 
3733.000000	93.191901 
3732.000000	93.193742 
3731.000000	93.192802 
3730.000000	93.189453 
3729.000000	93.180660 
3728.000000	93.165139 
3727.000000	93.148115 
3726.000000	93.136796 
3725.000000	93.133284 
3724.000000	93.133512 
3723.000000	93.132321 
3722.000000	93.128630 
3721.000000	93.124278 
3720.000000	93.120273 
3719.000000	93.115744 
3718.000000	93.109784 
3717.000000	93.103334 
3716.000000	93.098524 
3715.000000	93.096670 
3714.000000	93.096989 
3713.000000	93.096811 
3712.000000	93.092895 
3711.000000	93.083730 
3710.000000	93.070623 
3709.000000	93.056182 
3708.000000	93.042997 
3707.000000	93.032910 
3706.000000	93.025812 
3705.000000	93.019598 
3704.000000	93.011512 
3703.000000	93.000009 
3702.000000	92.985828 
3701.000000	92.971351 
3700.000000	92.958516 
3699.000000	92.947449 
3698.000000	92.937104 
3697.000000	92.926795 
3696.000000	92.916852 
3695.000000	92.908122 
3694.000000	92.901666 
3693.000000	92.898851 
3692.000000	92.900231 
3691.000000	92.902774 
3690.000000	92.900154 
3689.000000	92.889145 
3688.000000	92.874398 
3687.000000	92.863184 
3686.000000	92.855979 
3685.000000	92.847372 
3684.000000	92.834742 
3683.000000	92.821429 
3682.000000	92.811511 
3681.000000	92.805660 
3680.000000	92.802234 
3679.000000	92.800012 
3678.000000	92.798125 
3677.000000	92.794196 
3676.000000	92.786026 
3675.000000	92.776139 
3674.000000	92.769853 
3673.000000	92.765531 
3672.000000	92.756182 
3671.000000	92.740182 
3670.000000	92.721304 
3669.000000	92.704373 
3668.000000	92.692309 
3667.000000	92.682614 
3666.000000	92.671567 
3665.000000	92.659203 
3664.000000	92.647130 
3663.000000	92.637036 
3662.000000	92.630768 
3661.000000	92.629241 
3660.000000	92.631244 
3659.000000	92.634358 
3658.000000	92.636660 
3657.000000	92.637597 
3656.000000	92.637790 
3655.000000	92.637794 
3654.000000	92.636455 
3653.000000	92.631809 
3652.000000	92.625646 
3651.000000	92.621493 
3650.000000	92.617840 
3649.000000	92.611608 
3648.000000	92.605038 
3647.000000	92.601457 
3646.000000	92.600375 
3645.000000	92.599444 
3644.000000	92.597765 
3643.000000	92.596925 
3642.000000	92.598348 
3641.000000	92.600816 
3640.000000	92.601735 
3639.000000	92.600485 
3638.000000	92.599022 
3637.000000	92.599079 
3636.000000	92.599525 
3635.000000	92.597909 
3634.000000	92.594359 
3633.000000	92.592106 
3632.000000	92.594140 
3631.000000	92.600620 
3630.000000	92.608641 
3629.000000	92.613542 
3628.000000	92.614181 
3627.000000	92.613133 
3626.000000	92.610127 
3625.000000	92.604587 
3624.000000	92.600189 
3623.000000	92.600067 
3622.000000	92.603057 
3621.000000	92.606143 
3620.000000	92.607862 
3619.000000	92.608925 
3618.000000	92.610638 
3617.000000	92.613298 
3616.000000	92.615862 
3615.000000	92.616925 
3614.000000	92.616033 
3613.000000	92.614567 
3612.000000	92.615090 
3611.000000	92.619198 
3610.000000	92.626608 
3609.000000	92.636040 
3608.000000	92.645788 
3607.000000	92.653769 
3606.000000	92.658282 
3605.000000	92.659476 
3604.000000	92.659616 
3603.000000	92.661178 
3602.000000	92.664717 
3601.000000	92.668994 
3600.000000	92.672351 
3599.000000	92.673363 
3598.000000	92.670957 
3597.000000	92.665391 
3596.000000	92.658894 
3595.000000	92.654145 
3594.000000	92.652354 
3593.000000	92.653144 
3592.000000	92.655916 
3591.000000	92.660436 
3590.000000	92.666140 
3589.000000	92.671044 
3588.000000	92.672373 
3587.000000	92.669178 
3586.000000	92.663498 
3585.000000	92.658490 
3584.000000	92.656268 
3583.000000	92.657410 
3582.000000	92.661116 
3581.000000	92.665724 
3580.000000	92.669466 
3579.000000	92.671438 
3578.000000	92.671950 
3577.000000	92.671679 
3576.000000	92.670562 
3575.000000	92.667731 
3574.000000	92.662842 
3573.000000	92.657019 
3572.000000	92.652066 
3571.000000	92.648700 
3570.000000	92.645809 
3569.000000	92.641327 
3568.000000	92.633989 
3567.000000	92.624884 
3566.000000	92.617126 
3565.000000	92.613560 
3564.000000	92.615002 
3563.000000	92.619771 
3562.000000	92.624398 
3561.000000	92.626103 
3560.000000	92.625002 
3559.000000	92.623582 
3558.000000	92.624049 
3557.000000	92.626284 
3556.000000	92.628360 
3555.000000	92.628503 
3554.000000	92.626187 
3553.000000	92.621756 
3552.000000	92.615882 
3551.000000	92.609720 
3550.000000	92.604842 
3549.000000	92.602243 
3548.000000	92.601374 
3547.000000	92.600533 
3546.000000	92.598661 
3545.000000	92.596653 
3544.000000	92.596255 
3543.000000	92.597829 
3542.000000	92.599786 
3541.000000	92.600142 
3540.000000	92.598276 
3539.000000	92.595067 
3538.000000	92.591728 
3537.000000	92.588817 
3536.000000	92.586206 
3535.000000	92.583687 
3534.000000	92.581345 
3533.000000	92.579352 
3532.000000	92.577512 
3531.000000	92.575229 
3530.000000	92.572117 
3529.000000	92.568536 
3528.000000	92.565232 
3527.000000	92.562389 
3526.000000	92.559409 
3525.000000	92.555746 
3524.000000	92.551617 
3523.000000	92.547706 
3522.000000	92.544543 
3521.000000	92.542396 
3520.000000	92.541402 
3519.000000	92.541382 
3518.000000	92.541622 
3517.000000	92.541353 
3516.000000	92.540421 
3515.000000	92.539089 
3514.000000	92.537263 
3513.000000	92.534312 
3512.000000	92.529835 
3511.000000	92.524384 
3510.000000	92.519273 
3509.000000	92.515635 
3508.000000	92.513661 
3507.000000	92.512558 
3506.000000	92.511033 
3505.000000	92.508135 
3504.000000	92.503885 
3503.000000	92.499167 
3502.000000	92.494918 
3501.000000	92.491416 
3500.000000	92.488422 
3499.000000	92.485777 
3498.000000	92.483660 
3497.000000	92.482281 
3496.000000	92.481461 
3495.000000	92.480539 
3494.000000	92.478758 
3493.000000	92.475859 
3492.000000	92.472308 
3491.000000	92.469017 
3490.000000	92.466666 
3489.000000	92.465262 
3488.000000	92.464227 
3487.000000	92.462838 
3486.000000	92.460678 
3485.000000	92.457759 
3484.000000	92.454401 
3483.000000	92.450964 
3482.000000	92.447654 
3481.000000	92.444529 
3480.000000	92.441601 
3479.000000	92.438847 
3478.000000	92.436147 
3477.000000	92.433316 
3476.000000	92.430270 
3475.000000	92.427167 
3474.000000	92.424287 
3473.000000	92.421745 
3472.000000	92.419383 
3471.000000	92.416931 
3470.000000	92.414259 
3469.000000	92.411455 
3468.000000	92.408724 
3467.000000	92.406204 
3466.000000	92.403850 
3465.000000	92.401460 
3464.000000	92.398845 
3463.000000	92.395972 
3462.000000	92.392978 
3461.000000	92.390075 
3460.000000	92.387386 
3459.000000	92.384890 
3458.000000	92.382477 
3457.000000	92.380013 
3456.000000	92.377418 
3455.000000	92.374676 
3454.000000	92.371855 
3453.000000	92.369079 
3452.000000	92.366437 
3451.000000	92.363878 
3450.000000	92.361215 
3449.000000	92.358287 
3448.000000	92.355134 
3447.000000	92.352049 
3446.000000	92.349366 
3445.000000	92.347142 
3444.000000	92.345003 
3443.000000	92.342397 
3442.000000	92.339038 
3441.000000	92.335205 
3440.000000	92.331621 
3439.000000	92.328748 
3438.000000	92.326356 
3437.000000	92.323803 
3436.000000	92.320868 
3435.000000	92.318063 
3434.000000	92.316011 
3433.000000	92.314768 
3432.000000	92.313905 
3431.000000	92.313001 
3430.000000	92.311875 
3429.000000	92.310425 
3428.000000	92.308506 
3427.000000	92.306068 
3426.000000	92.303345 
3425.000000	92.300732 
3424.000000	92.298480 
3423.000000	92.296490 
3422.000000	92.294443 
3421.000000	92.292163 
3420.000000	92.289847 
3419.000000	92.287895 
3418.000000	92.286495 
3417.000000	92.285389 
3416.000000	92.284053 
3415.000000	92.282159 
3414.000000	92.279875 
3413.000000	92.277766 
3412.000000	92.276309 
3411.000000	92.275495 
3410.000000	92.274845 
3409.000000	92.273852 
3408.000000	92.272444 
3407.000000	92.270994 
3406.000000	92.269962 
3405.000000	92.269504 
3404.000000	92.269382 
3403.000000	92.269125 
3402.000000	92.268373 
3401.000000	92.267163 
3400.000000	92.265997 
3399.000000	92.265506 
3398.000000	92.265925 
3397.000000	92.266896 
3396.000000	92.267661 
3395.000000	92.267685 
3394.000000	92.267000 
3393.000000	92.266090 
3392.000000	92.265485 
3391.000000	92.265366 
3390.000000	92.265537 
3389.000000	92.265594 
3388.000000	92.265189 
3387.000000	92.264303 
3386.000000	92.263378 
3385.000000	92.263038 
3384.000000	92.263540 
3383.000000	92.264587 
3382.000000	92.265711 
3381.000000	92.266769 
3380.000000	92.267891 
3379.000000	92.269102 
3378.000000	92.270210 
3377.000000	92.271048 
3376.000000	92.271672 
3375.000000	92.272307 
3374.000000	92.273256 
3373.000000	92.274846 
3372.000000	92.277265 
3371.000000	92.280290 
3370.000000	92.283198 
3369.000000	92.285122 
3368.000000	92.285627 
3367.000000	92.284950 
3366.000000	92.283910 
3365.000000	92.283449 
3364.000000	92.284096 
3363.000000	92.285896 
3362.000000	92.288585 
3361.000000	92.291791 
3360.000000	92.295106 
3359.000000	92.298109 
3358.000000	92.300567 
3357.000000	92.302630 
3356.000000	92.304648 
3355.000000	92.306711 
3354.000000	92.308466 
3353.000000	92.309538 
3352.000000	92.310097 
3351.000000	92.310888 
3350.000000	92.312553 
3349.000000	92.315036 
3348.000000	92.317583 
3347.000000	92.319442 
3346.000000	92.320584 
3345.000000	92.321721 
3344.000000	92.323641 
3343.000000	92.326501 
3342.000000	92.329707 
3341.000000	92.332452 
3340.000000	92.334395 
3339.000000	92.335910 
3338.000000	92.337750 
3337.000000	92.340388 
3336.000000	92.343563 
3335.000000	92.346381 
3334.000000	92.348021 
3333.000000	92.348469 
3332.000000	92.348650 
3331.000000	92.349821 
3330.000000	92.352594 
3329.000000	92.356497 
3328.000000	92.360330 
3327.000000	92.363050 
3326.000000	92.364472 
3325.000000	92.365294 
3324.000000	92.366524 
3323.000000	92.368694 
3322.000000	92.371472 
3321.000000	92.373940 
3320.000000	92.375328 
3319.000000	92.375580 
3318.000000	92.375286 
3317.000000	92.375097 
3316.000000	92.375246 
3315.000000	92.375615 
3314.000000	92.375994 
3313.000000	92.376116 
3312.000000	92.375722 
3311.000000	92.375016 
3310.000000	92.375004 
3309.000000	92.376756 
3308.000000	92.380216 
3307.000000	92.384033 
3306.000000	92.386873 
3305.000000	92.388766 
3304.000000	92.390682 
3303.000000	92.393111 
3302.000000	92.395479 
3301.000000	92.396972 
3300.000000	92.397542 
3299.000000	92.397910 
3298.000000	92.398825 
3297.000000	92.400489 
3296.000000	92.402653 
3295.000000	92.404934 
3294.000000	92.406954 
3293.000000	92.408384 
3292.000000	92.409093 
3291.000000	92.409300 
3290.000000	92.409565 
3289.000000	92.410417 
3288.000000	92.411963 
3287.000000	92.413902 
3286.000000	92.415764 
3285.000000	92.417272 
3284.000000	92.418461 
3283.000000	92.419519 
3282.000000	92.420636 
3281.000000	92.421905 
3280.000000	92.423309 
3279.000000	92.424775 
3278.000000	92.426256 
3277.000000	92.427788 
3276.000000	92.429439 
3275.000000	92.431217 
3274.000000	92.433021 
3273.000000	92.434709 
3272.000000	92.436208 
3271.000000	92.437545 
3270.000000	92.438801 
3269.000000	92.440059 
3268.000000	92.441387 
3267.000000	92.442825 
3266.000000	92.444378 
3265.000000	92.445974 
3264.000000	92.447477 
3263.000000	92.448751 
3262.000000	92.449779 
3261.000000	92.450679 
3260.000000	92.451584 
3259.000000	92.452533 
3258.000000	92.453501 
3257.000000	92.454555 
3256.000000	92.455904 
3255.000000	92.457725 
3254.000000	92.459908 
3253.000000	92.462060 
3252.000000	92.463823 
3251.000000	92.465097 
3250.000000	92.465986 
3249.000000	92.466695 
3248.000000	92.467499 
3247.000000	92.468674 
3246.000000	92.470272 
3245.000000	92.471952 
3244.000000	92.473272 
3243.000000	92.474168 
3242.000000	92.474999 
3241.000000	92.476054 
3240.000000	92.477115 
3239.000000	92.477737 
3238.000000	92.477854 
3237.000000	92.477957 
3236.000000	92.478632 
3235.000000	92.480055 
3234.000000	92.481959 
3233.000000	92.483934 
3232.000000	92.485688 
3231.000000	92.487097 
3230.000000	92.488193 
3229.000000	92.489209 
3228.000000	92.490512 
3227.000000	92.492349 
3226.000000	92.494633 
3225.000000	92.496956 
3224.000000	92.498864 
3223.000000	92.500205 
3222.000000	92.501207 
3221.000000	92.502312 
3220.000000	92.503812 
3219.000000	92.505628 
3218.000000	92.507464 
3217.000000	92.509109 
3216.000000	92.510597 
3215.000000	92.512090 
3214.000000	92.513703 
3213.000000	92.515462 
3212.000000	92.517363 
3211.000000	92.519384 
3210.000000	92.521472 
3209.000000	92.523535 
3208.000000	92.525513 
3207.000000	92.527413 
3206.000000	92.529284 
3205.000000	92.531165 
3204.000000	92.533052 
3203.000000	92.534914 
3202.000000	92.536743 
3201.000000	92.538587 
3200.000000	92.540535 
3199.000000	92.542637 
3198.000000	92.544861 
3197.000000	92.547110 
3196.000000	92.549293 
3195.000000	92.551398 
3194.000000	92.553472 
3193.000000	92.555573 
3192.000000	92.557724 
3191.000000	92.559915 
3190.000000	92.562111 
3189.000000	92.564262 
3188.000000	92.566324 
3187.000000	92.568305 
3186.000000	92.570269 
3185.000000	92.572302 
3184.000000	92.574452 
3183.000000	92.576680 
3182.000000	92.578858 
3181.000000	92.580867 
3180.000000	92.582705 
3179.000000	92.584521 
3178.000000	92.586466 
3177.000000	92.588558 
3176.000000	92.590676 
3175.000000	92.592721 
3174.000000	92.594771 
3173.000000	92.596973 
3172.000000	92.599313 
3171.000000	92.601582 
3170.000000	92.603598 
3169.000000	92.605427 
3168.000000	92.607346 
3167.000000	92.609545 
3166.000000	92.611961 
3165.000000	92.614408 
3164.000000	92.616789 
3163.000000	92.619115 
3162.000000	92.621391 
3161.000000	92.623582 
3160.000000	92.625681 
3159.000000	92.627746 
3158.000000	92.629836 
3157.000000	92.631957 
3156.000000	92.634066 
3155.000000	92.636110 
3154.000000	92.638079 
3153.000000	92.640019 
3152.000000	92.641998 
3151.000000	92.644014 
3150.000000	92.645996 
3149.000000	92.647897 
3148.000000	92.649763 
3147.000000	92.651680 
3146.000000	92.653685 
3145.000000	92.655735 
3144.000000	92.657762 
3143.000000	92.659709 
3142.000000	92.661561 
3141.000000	92.663352 
3140.000000	92.665133 
3139.000000	92.666929 
3138.000000	92.668731 
3137.000000	92.670523 
3136.000000	92.672292 
3135.000000	92.674030 
3134.000000	92.675737 
3133.000000	92.677419 
3132.000000	92.679084 
3131.000000	92.680740 
3130.000000	92.682385 
3129.000000	92.684013 
3128.000000	92.685618 
3127.000000	92.687202 
3126.000000	92.688764 
3125.000000	92.690302 
3124.000000	92.691810 
3123.000000	92.693282 
3122.000000	92.694718 
3121.000000	92.696123 
3120.000000	92.697509 
3119.000000	92.698893 
3118.000000	92.700290 
3117.000000	92.701706 
3116.000000	92.703137 
3115.000000	92.704573 
3114.000000	92.706007 
3113.000000	92.707433 
3112.000000	92.708851 
3111.000000	92.710266 
3110.000000	92.711680 
3109.000000	92.713091 
3108.000000	92.714490 
3107.000000	92.715876 
3106.000000	92.717221 
3105.000000	92.718500 
3104.000000	92.719762 
3103.000000	92.721139 
3102.000000	92.722752 
3101.000000	92.724507 
3100.000000	92.726108 
3099.000000	92.727307 
3098.000000	92.728146 
3097.000000	92.728836 
3096.000000	92.729383 
3095.000000	92.729681 
3094.000000	92.729992 
3093.000000	92.731004 
3092.000000	92.733131 
3091.000000	92.735861 
3090.000000	92.738146 
3089.000000	92.739428 
3088.000000	92.740020 
3087.000000	92.740513 
3086.000000	92.740956 
3085.000000	92.740934 
3084.000000	92.740510 
3083.000000	92.740649 
3082.000000	92.742223 
3081.000000	92.744773 
3080.000000	92.747014 
3079.000000	92.748704 
3078.000000	92.751226 
3077.000000	92.755805 
3076.000000	92.761733 
3075.000000	92.766956 
3074.000000	92.769932 
3073.000000	92.770436 
3072.000000	92.769321 
3071.000000	92.768300 
3070.000000	92.769229 
3069.000000	92.772280 
3068.000000	92.774861 
3067.000000	92.773560 
3066.000000	92.767555 
3065.000000	92.759555 
3064.000000	92.753380 
3063.000000	92.751182 
3062.000000	92.752802 
3061.000000	92.756461 
3060.000000	92.759549 
3059.000000	92.759941 
3058.000000	92.757734 
3057.000000	92.755539 
3056.000000	92.756179 
3055.000000	92.759675 
3054.000000	92.762761 
3053.000000	92.761494 
3052.000000	92.754595 
3051.000000	92.744837 
3050.000000	92.737255 
3049.000000	92.735262 
3048.000000	92.737832 
3047.000000	92.740604 
3046.000000	92.739966 
3045.000000	92.735866 
3044.000000	92.730803 
3043.000000	92.726695 
3042.000000	92.723263 
3041.000000	92.718984 
3040.000000	92.712755 
3039.000000	92.704548 
3038.000000	92.695151 
3037.000000	92.685684 
3036.000000	92.676933 
3035.000000	92.668686 
3034.000000	92.659817 
3033.000000	92.649368 
3032.000000	92.637672 
3031.000000	92.625939 
3030.000000	92.614116 
3029.000000	92.599800 
3028.000000	92.580392 
3027.000000	92.556334 
3026.000000	92.531536 
3025.000000	92.510210 
3024.000000	92.493656 
3023.000000	92.480346 
3022.000000	92.468181 
3021.000000	92.455758 
3020.000000	92.442064 
3019.000000	92.426304 
3018.000000	92.408364 
3017.000000	92.388789 
3016.000000	92.368047 
3015.000000	92.346147 
3014.000000	92.322813 
3013.000000	92.297395 
3012.000000	92.268963 
3011.000000	92.237600 
3010.000000	92.205700 
3009.000000	92.176565 
3008.000000	92.150946 
3007.000000	92.125811 
3006.000000	92.097457 
3005.000000	92.065466 
3004.000000	92.032990 
3003.000000	92.003631 
3002.000000	91.978900 
3001.000000	91.958097 
3000.000000	91.939267 
2999.000000	91.920061 
2998.000000	91.899099 
2997.000000	91.877296 
2996.000000	91.856636 
2995.000000	91.835947 
2994.000000	91.808209 
2993.000000	91.764609 
2992.000000	91.703589 
2991.000000	91.635801 
2990.000000	91.578241 
2989.000000	91.542396 
2988.000000	91.528223 
2987.000000	91.528233 
2986.000000	91.534685 
2985.000000	91.541793 
2984.000000	91.543844 
2983.000000	91.536095 
2982.000000	91.519005 
2981.000000	91.499160 
2980.000000	91.483965 
2979.000000	91.476060 
2978.000000	91.473369 
2977.000000	91.472759 
2976.000000	91.472256 
2975.000000	91.471388 
2974.000000	91.472120 
2973.000000	91.479371 
2972.000000	91.498074 
2971.000000	91.528578 
2970.000000	91.566082 
2969.000000	91.605554 
2968.000000	91.646287 
2967.000000	91.690577 
2966.000000	91.738559 
2965.000000	91.786045 
2964.000000	91.827771 
2963.000000	91.861566 
2962.000000	91.888600 
2961.000000	91.910696 
2960.000000	91.929238 
2959.000000	91.946659 
2958.000000	91.966654 
2957.000000	91.990828 
2956.000000	92.015917 
2955.000000	92.036600 
2954.000000	92.051532 
2953.000000	92.064702 
2952.000000	92.079948 
2951.000000	92.095731 
2950.000000	92.107002 
2949.000000	92.111276 
2948.000000	92.110856 
2947.000000	92.109669 
2946.000000	92.110003 
2945.000000	92.112577 
2944.000000	92.117703 
2943.000000	92.125145 
2942.000000	92.133526 
2941.000000	92.140760 
2940.000000	92.145060 
2939.000000	92.145840 
2938.000000	92.144496 
2937.000000	92.144279 
2936.000000	92.148155 
2935.000000	92.156131 
2934.000000	92.165429 
2933.000000	92.173621 
2932.000000	92.180737 
2931.000000	92.187903 
2930.000000	92.195375 
2929.000000	92.203000 
2928.000000	92.211443 
2927.000000	92.221162 
2926.000000	92.230669 
2925.000000	92.237724 
2924.000000	92.242403 
2923.000000	92.247211 
2922.000000	92.253461 
2921.000000	92.258949 
2920.000000	92.260324 
2919.000000	92.256608 
2918.000000	92.248957 
2917.000000	92.237445 
2916.000000	92.219774 
2915.000000	92.193736 
2914.000000	92.160276 
2913.000000	92.123758 
2912.000000	92.089741 
2911.000000	92.062518 
2910.000000	92.043540 
2909.000000	92.030755 
2908.000000	92.019506 
2907.000000	92.005266 
2906.000000	91.986287 
2905.000000	91.963619 
2904.000000	91.938993 
2903.000000	91.914112 
2902.000000	91.892654 
2901.000000	91.881312 
2900.000000	91.886272 
2899.000000	91.907263 
2898.000000	91.935803 
2897.000000	91.960274 
2896.000000	91.973777 
2895.000000	91.977457 
2894.000000	91.977454 
2893.000000	91.979678 
2892.000000	91.986821 
2891.000000	91.997941 
2890.000000	92.009388 
2889.000000	92.016656 
2888.000000	92.017008 
2887.000000	92.011452 
2886.000000	92.004434 
2885.000000	92.001565 
2884.000000	92.007161 
2883.000000	92.022658 
2882.000000	92.045989 
2881.000000	92.072414 
2880.000000	92.097106 
2879.000000	92.117990 
2878.000000	92.136035 
2877.000000	92.152925 
2876.000000	92.169067 
2875.000000	92.184074 
2874.000000	92.198314 
2873.000000	92.213044 
2872.000000	92.229264 
2871.000000	92.247094 
2870.000000	92.266065 
2869.000000	92.285291 
2868.000000	92.303582 
2867.000000	92.320363 
2866.000000	92.336715 
2865.000000	92.354715 
2864.000000	92.375571 
2863.000000	92.399101 
2862.000000	92.425144 
2861.000000	92.454129 
2860.000000	92.485403 
2859.000000	92.516094 
2858.000000	92.543198 
2857.000000	92.566504 
2856.000000	92.588194 
2855.000000	92.609456 
2854.000000	92.628920 
2853.000000	92.645026 
2852.000000	92.658545 
2851.000000	92.671469 
2850.000000	92.683912 
2849.000000	92.693262 
2848.000000	92.696545 
2847.000000	92.693108 
2846.000000	92.685283 
2845.000000	92.677177 
2844.000000	92.672663 
2843.000000	92.673405 
2842.000000	92.677912 
2841.000000	92.682667 
2840.000000	92.684931 
2839.000000	92.684806 
2838.000000	92.684525 
2837.000000	92.685924 
2836.000000	92.688920 
2835.000000	92.692290 
2834.000000	92.695355 
2833.000000	92.698639 
2832.000000	92.703238 
2831.000000	92.709836 
2830.000000	92.717889 
2829.000000	92.725289 
2828.000000	92.729196 
2827.000000	92.728324 
2826.000000	92.724922 
2825.000000	92.723978 
2824.000000	92.729500 
2823.000000	92.741101 
2822.000000	92.754269 
2821.000000	92.763933 
2820.000000	92.767817 
2819.000000	92.766643 
2818.000000	92.762285 
2817.000000	92.756643 
2816.000000	92.751909 
2815.000000	92.750366 
2814.000000	92.752814 
2813.000000	92.757622 
2812.000000	92.762306 
2811.000000	92.765943 
2810.000000	92.769292 
2809.000000	92.772794 
2808.000000	92.775771 
2807.000000	92.777738 
2806.000000	92.779246 
2805.000000	92.780879 
2804.000000	92.782443 
2803.000000	92.783647 
2802.000000	92.784897 
2801.000000	92.786945 
2800.000000	92.789915 
2799.000000	92.793056 
2798.000000	92.795515 
2797.000000	92.797091 
2796.000000	92.798161 
2795.000000	92.799131 
2794.000000	92.800105 
2793.000000	92.800999 
2792.000000	92.801805 
2791.000000	92.802735 
2790.000000	92.804189 
2789.000000	92.806513 
2788.000000	92.809581 
2787.000000	92.812625 
2786.000000	92.814791 
2785.000000	92.815988 
2784.000000	92.817045 
2783.000000	92.818859 
2782.000000	92.821348 
2781.000000	92.823440 
2780.000000	92.824189 
2779.000000	92.823648 
2778.000000	92.822681 
2777.000000	92.822159 
2776.000000	92.822309 
2775.000000	92.822864 
2774.000000	92.823597 
2773.000000	92.824598 
2772.000000	92.826090 
2771.000000	92.828118 
2770.000000	92.830422 
2769.000000	92.832471 
2768.000000	92.833712 
2767.000000	92.834038 
2766.000000	92.834129 
2765.000000	92.835031 
2764.000000	92.837107 
2763.000000	92.839518 
2762.000000	92.841019 
2761.000000	92.841266 
2760.000000	92.841016 
2759.000000	92.841134 
2758.000000	92.841623 
2757.000000	92.841956 
2756.000000	92.841990 
2755.000000	92.842132 
2754.000000	92.842684 
2753.000000	92.843438 
2752.000000	92.844093 
2751.000000	92.844752 
2750.000000	92.845729 
2749.000000	92.847028 
2748.000000	92.848358 
2747.000000	92.849670 
2746.000000	92.851265 
2745.000000	92.853202 
2744.000000	92.854927 
2743.000000	92.855867 
2742.000000	92.856230 
2741.000000	92.856845 
2740.000000	92.858197 
2739.000000	92.859998 
2738.000000	92.861761 
2737.000000	92.863402 
2736.000000	92.865019 
2735.000000	92.866414 
2734.000000	92.867277 
2733.000000	92.867719 
2732.000000	92.868161 
2731.000000	92.868753 
2730.000000	92.869445 
2729.000000	92.870474 
2728.000000	92.872259 
2727.000000	92.874696 
2726.000000	92.876942 
2725.000000	92.878247 
2724.000000	92.878734 
2723.000000	92.879104 
2722.000000	92.879818 
2721.000000	92.880842 
2720.000000	92.881959 
2719.000000	92.882949 
2718.000000	92.883623 
2717.000000	92.884001 
2716.000000	92.884414 
2715.000000	92.885169 
2714.000000	92.886082 
2713.000000	92.886634 
2712.000000	92.886670 
2711.000000	92.886711 
2710.000000	92.887385 
2709.000000	92.888734 
2708.000000	92.890280 
2707.000000	92.891633 
2706.000000	92.892808 
2705.000000	92.893983 
2704.000000	92.895202 
2703.000000	92.896399 
2702.000000	92.897543 
2701.000000	92.898627 
2700.000000	92.899583 
2699.000000	92.900330 
2698.000000	92.900901 
2697.000000	92.901432 
2696.000000	92.901952 
2695.000000	92.902217 
2694.000000	92.901903 
2693.000000	92.901136 
2692.000000	92.900839 
2691.000000	92.902194 
2690.000000	92.905527 
2689.000000	92.909613 
2688.000000	92.912476 
2687.000000	92.913291 
2686.000000	92.913065 
2685.000000	92.913393 
2684.000000	92.914512 
2683.000000	92.915139 
2682.000000	92.914242 
2681.000000	92.912370 
2680.000000	92.911006 
2679.000000	92.910846 
2678.000000	92.911095 
2677.000000	92.910418 
2676.000000	92.908443 
2675.000000	92.906303 
2674.000000	92.905633 
2673.000000	92.907055 
2672.000000	92.909782 
2671.000000	92.912585 
2670.000000	92.914944 
2669.000000	92.916997 
2668.000000	92.918737 
2667.000000	92.919933 
2666.000000	92.920735 
2665.000000	92.921684 
2664.000000	92.922892 
2663.000000	92.923811 
2662.000000	92.924156 
2661.000000	92.924511 
2660.000000	92.925525 
2659.000000	92.926893 
2658.000000	92.927756 
2657.000000	92.927876 
2656.000000	92.927780 
2655.000000	92.927800 
2654.000000	92.927588 
2653.000000	92.926748 
2652.000000	92.925460 
2651.000000	92.924333 
2650.000000	92.923861 
2649.000000	92.924129 
2648.000000	92.924812 
2647.000000	92.925364 
2646.000000	92.925427 
2645.000000	92.925131 
2644.000000	92.924896 
2643.000000	92.924995 
2642.000000	92.925362 
2641.000000	92.925784 
2640.000000	92.926090 
2639.000000	92.926236 
2638.000000	92.926279 
2637.000000	92.926326 
2636.000000	92.926444 
2635.000000	92.926603 
2634.000000	92.926752 
2633.000000	92.926883 
2632.000000	92.926994 
2631.000000	92.927077 
2630.000000	92.927131 
2629.000000	92.927164 
2628.000000	92.927185 
2627.000000	92.927203 
2626.000000	92.927219 
2625.000000	92.927229 
2624.000000	92.927226 
2623.000000	92.927204 
2622.000000	92.927168 
2621.000000	92.927124 
2620.000000	92.927077 
2619.000000	92.927029 
2618.000000	92.926980 
2617.000000	92.926933 
2616.000000	92.926892 
2615.000000	92.926866 
2614.000000	92.926865 
2613.000000	92.926898 
2612.000000	92.926970 
2611.000000	92.927077 
2610.000000	92.927212 
2609.000000	92.927365 
2608.000000	92.927526 
2607.000000	92.927691 
2606.000000	92.927852 
2605.000000	92.927998 
2604.000000	92.928120 
2603.000000	92.928212 
2602.000000	92.928280 
2601.000000	92.928330 
2600.000000	92.928368 
2599.000000	92.928394 
2598.000000	92.928401 
2597.000000	92.928386 
2596.000000	92.928363 
2595.000000	92.928365 
2594.000000	92.928422 
2593.000000	92.928534 
2592.000000	92.928642 
2591.000000	92.928676 
2590.000000	92.928614 
2589.000000	92.928497 
2588.000000	92.928375 
2587.000000	92.928246 
2586.000000	92.928090 
2585.000000	92.927922 
2584.000000	92.927766 
2583.000000	92.927587 
2582.000000	92.927325 
2581.000000	92.926989 
2580.000000	92.926673 
2579.000000	92.926463 
2578.000000	92.926397 
2577.000000	92.926470 
2576.000000	92.926641 
2575.000000	92.926844 
2574.000000	92.927065 
2573.000000	92.927359 
2572.000000	92.927703 
2571.000000	92.927899 
2570.000000	92.927797 
2569.000000	92.927550 
2568.000000	92.927479 
2567.000000	92.927575 
2566.000000	92.927396 
2565.000000	92.926615 
2564.000000	92.925450 
2563.000000	92.924473 
2562.000000	92.923973 
2561.000000	92.923852 
2560.000000	92.923986 
2559.000000	92.924385 
2558.000000	92.924941 
2557.000000	92.925305 
2556.000000	92.925245 
2555.000000	92.924927 
2554.000000	92.924691 
2553.000000	92.924592 
2552.000000	92.924357 
2551.000000	92.923778 
2550.000000	92.922970 
2549.000000	92.922254 
2548.000000	92.921875 
2547.000000	92.921865 
2546.000000	92.922083 
2545.000000	92.922350 
2544.000000	92.922572 
2543.000000	92.922722 
2542.000000	92.922787 
2541.000000	92.922785 
2540.000000	92.922810 
2539.000000	92.922999 
2538.000000	92.923356 
2537.000000	92.923647 
2536.000000	92.923575 
2535.000000	92.923119 
2534.000000	92.922597 
2533.000000	92.922360 
2532.000000	92.922423 
2531.000000	92.922494 
2530.000000	92.922311 
2529.000000	92.921878 
2528.000000	92.921345 
2527.000000	92.920818 
2526.000000	92.920349 
2525.000000	92.920048 
2524.000000	92.920047 
2523.000000	92.920334 
2522.000000	92.920705 
2521.000000	92.920931 
2520.000000	92.920938 
2519.000000	92.920799 
2518.000000	92.920632 
2517.000000	92.920503 
2516.000000	92.920401 
2515.000000	92.920297 
2514.000000	92.920219 
2513.000000	92.920251 
2512.000000	92.920432 
2511.000000	92.920719 
2510.000000	92.921023 
2509.000000	92.921262 
2508.000000	92.921341 
2507.000000	92.921176 
2506.000000	92.920830 
2505.000000	92.920619 
2504.000000	92.920897 
2503.000000	92.921727 
2502.000000	92.922734 
2501.000000	92.923376 
2500.000000	92.923429 
2499.000000	92.923016 
2498.000000	92.922439 
2497.000000	92.922003 
2496.000000	92.921851 
2495.000000	92.921831 
2494.000000	92.921609 
2493.000000	92.921081 
2492.000000	92.920595 
2491.000000	92.920551 
2490.000000	92.920881 
2489.000000	92.921127 
2488.000000	92.921009 
2487.000000	92.920699 
2486.000000	92.920516 
2485.000000	92.920616 
2484.000000	92.920990 
2483.000000	92.921544 
2482.000000	92.922049 
2481.000000	92.922203 
2480.000000	92.921904 
2479.000000	92.921405 
2478.000000	92.921121 
2477.000000	92.921304 
2476.000000	92.921955 
2475.000000	92.922911 
2474.000000	92.923930 
2473.000000	92.924783 
2472.000000	92.925386 
2471.000000	92.925813 
2470.000000	92.926094 
2469.000000	92.926084 
2468.000000	92.925652 
2467.000000	92.924968 
2466.000000	92.924444 
2465.000000	92.924310 
2464.000000	92.924335 
2463.000000	92.924037 
2462.000000	92.923172 
2461.000000	92.922009 
2460.000000	92.921144 
2459.000000	92.920961 
2458.000000	92.921373 
2457.000000	92.921938 
2456.000000	92.922203 
2455.000000	92.922020 
2454.000000	92.921524 
2453.000000	92.920938 
2452.000000	92.920424 
2451.000000	92.920074 
2450.000000	92.919945 
2449.000000	92.920000 
2448.000000	92.920087 
2447.000000	92.920068 
2446.000000	92.919968 
2445.000000	92.919912 
2444.000000	92.919896 
2443.000000	92.919730 
2442.000000	92.919268 
2441.000000	92.918587 
2440.000000	92.917909 
2439.000000	92.917398 
2438.000000	92.917082 
2437.000000	92.916943 
2436.000000	92.916947 
2435.000000	92.917000 
2434.000000	92.916950 
2433.000000	92.916690 
2432.000000	92.916236 
2431.000000	92.915686 
2430.000000	92.915152 
2429.000000	92.914720 
2428.000000	92.914444 
2427.000000	92.914328 
2426.000000	92.914302 
2425.000000	92.914280 
2424.000000	92.914238 
2423.000000	92.914224 
2422.000000	92.914259 
2421.000000	92.914260 
2420.000000	92.914086 
2419.000000	92.913688 
2418.000000	92.913191 
2417.000000	92.912818 
2416.000000	92.912689 
2415.000000	92.912731 
2414.000000	92.912821 
2413.000000	92.912940 
2412.000000	92.913107 
2411.000000	92.913286 
2410.000000	92.913417 
2409.000000	92.913499 
2408.000000	92.913584 
2407.000000	92.913688 
2406.000000	92.913767 
2405.000000	92.913771 
2404.000000	92.913708 
2403.000000	92.913624 
2402.000000	92.913564 
2401.000000	92.913538 
2400.000000	92.913535 
2399.000000	92.913555 
2398.000000	92.913593 
2397.000000	92.913642 
2396.000000	92.913700 
2395.000000	92.913772 
2394.000000	92.913868 
2393.000000	92.913992 
2392.000000	92.914140 
2391.000000	92.914291 
2390.000000	92.914424 
2389.000000	92.914521 
2388.000000	92.914581 
2387.000000	92.914615 
2386.000000	92.914635 
2385.000000	92.914647 
2384.000000	92.914649 
2383.000000	92.914641 
2382.000000	92.914628 
2381.000000	92.914617 
2380.000000	92.914614 
2379.000000	92.914618 
2378.000000	92.914622 
2377.000000	92.914621 
2376.000000	92.914617 
2375.000000	92.914612 
2374.000000	92.914609 
2373.000000	92.914605 
2372.000000	92.914587 
2371.000000	92.914543 
2370.000000	92.914462 
2369.000000	92.914347 
2368.000000	92.914213 
2367.000000	92.914075 
2366.000000	92.913933 
2365.000000	92.913782 
2364.000000	92.913619 
2363.000000	92.913448 
2362.000000	92.913286 
2361.000000	92.913149 
2360.000000	92.913045 
2359.000000	92.912959 
2358.000000	92.912868 
2357.000000	92.912751 
2356.000000	92.912608 
2355.000000	92.912446 
2354.000000	92.912271 
2353.000000	92.912081 
2352.000000	92.911866 
2351.000000	92.911612 
2350.000000	92.911313 
2349.000000	92.910986 
2348.000000	92.910670 
2347.000000	92.910414 
2346.000000	92.910245 
2345.000000	92.910151 
2344.000000	92.910096 
2343.000000	92.910048 
2342.000000	92.909998 
2341.000000	92.909950 
2340.000000	92.909908 
2339.000000	92.909875 
2338.000000	92.909846 
2337.000000	92.909820 
2336.000000	92.909798 
2335.000000	92.909785 
2334.000000	92.909782 
2333.000000	92.909781 
2332.000000	92.909773 
2331.000000	92.909755 
2330.000000	92.909729 
2329.000000	92.909708 
2328.000000	92.909708 
2327.000000	92.909743 
2326.000000	92.909816 
2325.000000	92.909920 
2324.000000	92.910046 
2323.000000	92.910192 
2322.000000	92.910361 
2321.000000	92.910554 
2320.000000	92.910762 
2319.000000	92.910974 
2318.000000	92.911179 
2317.000000	92.911373 
2316.000000	92.911563 
2315.000000	92.911765 
2314.000000	92.911998 
2313.000000	92.912271 
2312.000000	92.912576 
2311.000000	92.912893 
2310.000000	92.913208 
2309.000000	92.913527 
2308.000000	92.913881 
2307.000000	92.914303 
2306.000000	92.914763 
2305.000000	92.915158 
2304.000000	92.915379 
2303.000000	92.915449 
2302.000000	92.915526 
2301.000000	92.915679 
2300.000000	92.915876 
2299.000000	92.916058 
2298.000000	92.916198 
2297.000000	92.916308 
2296.000000	92.916407 
2295.000000	92.916520 
2294.000000	92.916651 
2293.000000	92.916785 
2292.000000	92.916909 
2291.000000	92.917025 
2290.000000	92.917137 
2289.000000	92.917244 
2288.000000	92.917342 
2287.000000	92.917428 
2286.000000	92.917496 
2285.000000	92.917544 
2284.000000	92.917566 
2283.000000	92.917563 
2282.000000	92.917541 
2281.000000	92.917505 
2280.000000	92.917463 
2279.000000	92.917419 
2278.000000	92.917373 
2277.000000	92.917323 
2276.000000	92.917265 
2275.000000	92.917197 
2274.000000	92.917122 
2273.000000	92.917042 
2272.000000	92.916954 
2271.000000	92.916857 
2270.000000	92.916749 
2269.000000	92.916635 
2268.000000	92.916521 
2267.000000	92.916415 
2266.000000	92.916320 
2265.000000	92.916237 
2264.000000	92.916165 
2263.000000	92.916097 
2262.000000	92.916030 
2261.000000	92.915966 
2260.000000	92.915911 
2259.000000	92.915870 
2258.000000	92.915849 
2257.000000	92.915845 
2256.000000	92.915851 
2255.000000	92.915860 
2254.000000	92.915869 
2253.000000	92.915882 
2252.000000	92.915902 
2251.000000	92.915929 
2250.000000	92.915961 
2249.000000	92.915999 
2248.000000	92.916041 
2247.000000	92.916094 
2246.000000	92.916168 
2245.000000	92.916273 
2244.000000	92.916415 
2243.000000	92.916587 
2242.000000	92.916780 
2241.000000	92.916985 
2240.000000	92.917195 
2239.000000	92.917406 
2238.000000	92.917616 
2237.000000	92.917822 
2236.000000	92.918023 
2235.000000	92.918221 
2234.000000	92.918419 
2233.000000	92.918625 
2232.000000	92.918843 
2231.000000	92.919070 
2230.000000	92.919300 
2229.000000	92.919524 
2228.000000	92.919738 
2227.000000	92.919938 
2226.000000	92.920122 
2225.000000	92.920293 
2224.000000	92.920455 
2223.000000	92.920609 
2222.000000	92.920760 
2221.000000	92.920913 
2220.000000	92.921073 
2219.000000	92.921241 
2218.000000	92.921413 
2217.000000	92.921582 
2216.000000	92.921739 
2215.000000	92.921875 
2214.000000	92.921985 
2213.000000	92.922072 
2212.000000	92.922141 
2211.000000	92.922199 
2210.000000	92.922248 
2209.000000	92.922292 
2208.000000	92.922330 
2207.000000	92.922362 
2206.000000	92.922386 
2205.000000	92.922404 
2204.000000	92.922418 
2203.000000	92.922425 
2202.000000	92.922415 
2201.000000	92.922383 
2200.000000	92.922328 
2199.000000	92.922259 
2198.000000	92.922185 
2197.000000	92.922113 
2196.000000	92.922046 
2195.000000	92.921986 
2194.000000	92.921929 
2193.000000	92.921873 
2192.000000	92.921813 
2191.000000	92.921751 
2190.000000	92.921688 
2189.000000	92.921629 
2188.000000	92.921576 
2187.000000	92.921529 
2186.000000	92.921486 
2185.000000	92.921448 
2184.000000	92.921420 
2183.000000	92.921405 
2182.000000	92.921397 
2181.000000	92.921388 
2180.000000	92.921374 
2179.000000	92.921353 
2178.000000	92.921326 
2177.000000	92.921297 
2176.000000	92.921265 
2175.000000	92.921234 
2174.000000	92.921206 
2173.000000	92.921181 
2172.000000	92.921163 
2171.000000	92.921154 
2170.000000	92.921160 
2169.000000	92.921182 
2168.000000	92.921215 
2167.000000	92.921252 
2166.000000	92.921282 
2165.000000	92.921302 
2164.000000	92.921315 
2163.000000	92.921327 
2162.000000	92.921337 
2161.000000	92.921342 
2160.000000	92.921338 
2159.000000	92.921322 
2158.000000	92.921295 
2157.000000	92.921258 
2156.000000	92.921212 
2155.000000	92.921159 
2154.000000	92.921101 
2153.000000	92.921035 
2152.000000	92.920958 
2151.000000	92.920868 
2150.000000	92.920771 
2149.000000	92.920672 
2148.000000	92.920576 
2147.000000	92.920479 
2146.000000	92.920375 
2145.000000	92.920257 
2144.000000	92.920127 
2143.000000	92.919990 
2142.000000	92.919853 
2141.000000	92.919716 
2140.000000	92.919581 
2139.000000	92.919446 
2138.000000	92.919315 
2137.000000	92.919190 
2136.000000	92.919070 
2135.000000	92.918955 
2134.000000	92.918840 
2133.000000	92.918723 
2132.000000	92.918598 
2131.000000	92.918468 
2130.000000	92.918337 
2129.000000	92.918210 
2128.000000	92.918090 
2127.000000	92.917974 
2126.000000	92.917857 
2125.000000	92.917740 
2124.000000	92.917627 
2123.000000	92.917527 
2122.000000	92.917445 
2121.000000	92.917385 
2120.000000	92.917343 
2119.000000	92.917314 
2118.000000	92.917293 
2117.000000	92.917283 
2116.000000	92.917293 
2115.000000	92.917331 
2114.000000	92.917396 
2113.000000	92.917480 
2112.000000	92.917572 
2111.000000	92.917667 
2110.000000	92.917761 
2109.000000	92.917857 
2108.000000	92.917959 
2107.000000	92.918070 
2106.000000	92.918189 
2105.000000	92.918307 
2104.000000	92.918418 
2103.000000	92.918526 
2102.000000	92.918640 
2101.000000	92.918769 
2100.000000	92.918914 
2099.000000	92.919068 
2098.000000	92.919222 
2097.000000	92.919373 
2096.000000	92.919519 
2095.000000	92.919662 
2094.000000	92.919806 
2093.000000	92.919951 
2092.000000	92.920098 
2091.000000	92.920246 
2090.000000	92.920393 
2089.000000	92.920538 
2088.000000	92.920683 
2087.000000	92.920832 
2086.000000	92.920987 
2085.000000	92.921148 
2084.000000	92.921310 
2083.000000	92.921473 
2082.000000	92.921631 
2081.000000	92.921781 
2080.000000	92.921921 
2079.000000	92.922045 
2078.000000	92.922151 
2077.000000	92.922240 
2076.000000	92.922317 
2075.000000	92.922388 
2074.000000	92.922457 
2073.000000	92.922521 
2072.000000	92.922573 
2071.000000	92.922613 
2070.000000	92.922637 
2069.000000	92.922646 
2068.000000	92.922646 
2067.000000	92.922649 
2066.000000	92.922664 
2065.000000	92.922685 
2064.000000	92.922685 
2063.000000	92.922642 
2062.000000	92.922570 
2061.000000	92.922498 
2060.000000	92.922435 
2059.000000	92.922357 
2058.000000	92.922226 
2057.000000	92.922032 
2056.000000	92.921808 
2055.000000	92.921609 
2054.000000	92.921474 
2053.000000	92.921403 
2052.000000	92.921365 
2051.000000	92.921306 
2050.000000	92.921150 
2049.000000	92.920857 
2048.000000	92.920485 
2047.000000	92.920192 
2046.000000	92.920084 
2045.000000	92.920121 
2044.000000	92.920143 
2043.000000	92.919993 
2042.000000	92.919599 
2041.000000	92.919020 
2040.000000	92.918484 
2039.000000	92.918270 
2038.000000	92.918488 
2037.000000	92.918921 
2036.000000	92.919211 
2035.000000	92.919203 
2034.000000	92.918965 
2033.000000	92.918593 
2032.000000	92.918136 
2031.000000	92.917669 
2030.000000	92.917150 
2029.000000	92.916323 
2028.000000	92.915012 
2027.000000	92.913478 
2026.000000	92.912200 
2025.000000	92.911377 
2024.000000	92.910870 
2023.000000	92.910484 
2022.000000	92.910113 
2021.000000	92.909764 
2020.000000	92.909713 
2019.000000	92.910401 
2018.000000	92.911736 
2017.000000	92.912704 
2016.000000	92.912433 
2015.000000	92.911244 
2014.000000	92.910215 
2013.000000	92.909839 
2012.000000	92.909710 
2011.000000	92.909465 
2010.000000	92.909232 
2009.000000	92.909093 
2008.000000	92.908768 
2007.000000	92.908115 
2006.000000	92.907405 
2005.000000	92.906801 
2004.000000	92.906090 
2003.000000	92.905175 
2002.000000	92.904467 
2001.000000	92.904326 
2000.000000	92.904493 
1999.000000	92.904482 
1998.000000	92.904300 
1997.000000	92.904347 
1996.000000	92.904759 
1995.000000	92.905309 
1994.000000	92.905817 
1993.000000	92.906305 
1992.000000	92.906803 
1991.000000	92.907231 
1990.000000	92.907497 
1989.000000	92.907563 
1988.000000	92.907413 
1987.000000	92.907049 
1986.000000	92.906566 
1985.000000	92.906126 
1984.000000	92.905817 
1983.000000	92.905609 
1982.000000	92.905444 
1981.000000	92.905320 
1980.000000	92.905298 
1979.000000	92.905433 
1978.000000	92.905695 
1977.000000	92.905961 
1976.000000	92.906062 
1975.000000	92.905948 
1974.000000	92.905698 
1973.000000	92.905455 
1972.000000	92.905303 
1971.000000	92.905213 
1970.000000	92.905132 
1969.000000	92.905027 
1968.000000	92.904902 
1967.000000	92.904765 
1966.000000	92.904620 
1965.000000	92.904462 
1964.000000	92.904290 
1963.000000	92.904102 
1962.000000	92.903895 
1961.000000	92.903667 
1960.000000	92.903418 
1959.000000	92.903153 
1958.000000	92.902877 
1957.000000	92.902590 
1956.000000	92.902290 
1955.000000	92.901972 
1954.000000	92.901635 
1953.000000	92.901285 
1952.000000	92.900930 
1951.000000	92.900579 
1950.000000	92.900235 
1949.000000	92.899895 
1948.000000	92.899552 
1947.000000	92.899203 
1946.000000	92.898848 
1945.000000	92.898496 
1944.000000	92.898161 
1943.000000	92.897846 
1942.000000	92.897547 
1941.000000	92.897246 
1940.000000	92.896928 
1939.000000	92.896581 
1938.000000	92.896200 
1937.000000	92.895791 
1936.000000	92.895364 
1935.000000	92.894931 
1934.000000	92.894503 
1933.000000	92.894086 
1932.000000	92.893674 
1931.000000	92.893262 
1930.000000	92.892847 
1929.000000	92.892429 
1928.000000	92.892008 
1927.000000	92.891582 
1926.000000	92.891151 
1925.000000	92.890714 
1924.000000	92.890276 
1923.000000	92.889840 
1922.000000	92.889411 
1921.000000	92.888991 
1920.000000	92.888578 
1919.000000	92.888175 
1918.000000	92.887797 
1917.000000	92.887457 
1916.000000	92.887164 
1915.000000	92.886932 
1914.000000	92.886762 
1913.000000	92.886584 
1912.000000	92.886266 
1911.000000	92.885750 
1910.000000	92.885141 
1909.000000	92.884611 
1908.000000	92.884207 
1907.000000	92.883767 
1906.000000	92.883073 
1905.000000	92.882160 
1904.000000	92.881404 
1903.000000	92.881217 
1902.000000	92.881621 
1901.000000	92.882124 
1900.000000	92.882179 
1899.000000	92.881719 
1898.000000	92.881156 
1897.000000	92.880945 
1896.000000	92.881196 
1895.000000	92.881710 
1894.000000	92.882218 
1893.000000	92.882525 
1892.000000	92.882603 
1891.000000	92.882580 
1890.000000	92.882609 
1889.000000	92.882674 
1888.000000	92.882517 
1887.000000	92.881911 
1886.000000	92.881030 
1885.000000	92.880342 
1884.000000	92.880111 
1883.000000	92.880150 
1882.000000	92.880244 
1881.000000	92.880732 
1880.000000	92.882303 
1879.000000	92.884992 
1878.000000	92.887687 
1877.000000	92.889159 
1876.000000	92.889290 
1875.000000	92.888911 
1874.000000	92.888706 
1873.000000	92.888651 
1872.000000	92.888577 
1871.000000	92.888694 
1870.000000	92.889283 
1869.000000	92.890227 
1868.000000	92.891192 
1867.000000	92.892085 
1866.000000	92.893007 
1865.000000	92.893934 
1864.000000	92.894787 
1863.000000	92.895773 
1862.000000	92.897339 
1861.000000	92.899702 
1860.000000	92.902579 
1859.000000	92.905318 
1858.000000	92.907247 
1857.000000	92.908028 
1856.000000	92.907926 
1855.000000	92.907726 
1854.000000	92.908207 
1853.000000	92.909535 
1852.000000	92.911310 
1851.000000	92.912966 
1850.000000	92.914116 
1849.000000	92.914838 
1848.000000	92.915614 
1847.000000	92.916923 
1846.000000	92.918771 
1845.000000	92.920561 
1844.000000	92.921705 
1843.000000	92.922424 
1842.000000	92.923326 
1841.000000	92.924492 
1840.000000	92.925509 
1839.000000	92.925941 
1838.000000	92.925797 
1837.000000	92.925531 
1836.000000	92.925585 
1835.000000	92.926125 
1834.000000	92.927102 
1833.000000	92.928335 
1832.000000	92.929551 
1831.000000	92.930387 
1830.000000	92.930602 
1829.000000	92.930387 
1828.000000	92.930180 
1827.000000	92.930223 
1826.000000	92.930485 
1825.000000	92.930820 
1824.000000	92.931134 
1823.000000	92.931450 
1822.000000	92.931821 
1821.000000	92.932205 
1820.000000	92.932481 
1819.000000	92.932608 
1818.000000	92.932698 
1817.000000	92.932860 
1816.000000	92.933030 
1815.000000	92.933120 
1814.000000	92.933196 
1813.000000	92.933421 
1812.000000	92.933832 
1811.000000	92.934168 
1810.000000	92.934074 
1809.000000	92.933432 
1808.000000	92.932514 
1807.000000	92.931763 
1806.000000	92.931406 
1805.000000	92.931447 
1804.000000	92.931865 
1803.000000	92.932662 
1802.000000	92.933604 
1801.000000	92.934167 
1800.000000	92.933956 
1799.000000	92.933055 
1798.000000	92.931998 
1797.000000	92.931281 
1796.000000	92.931041 
1795.000000	92.931184 
1794.000000	92.931501 
1793.000000	92.931795 
1792.000000	92.932196 
1791.000000	92.933078 
1790.000000	92.934333 
1789.000000	92.935403 
1788.000000	92.935997 
1787.000000	92.936289 
1786.000000	92.936663 
1785.000000	92.937337 
1784.000000	92.938139 
1783.000000	92.938828 
1782.000000	92.939420 
1781.000000	92.940163 
1780.000000	92.941188 
1779.000000	92.942208 
1778.000000	92.942906 
1777.000000	92.943354 
1776.000000	92.944000 
1775.000000	92.945201 
1774.000000	92.946758 
1773.000000	92.947847 
1772.000000	92.947860 
1771.000000	92.947578 
1770.000000	92.948396 
1769.000000	92.950859 
1768.000000	92.954437 
1767.000000	92.957795 
1766.000000	92.959949 
1765.000000	92.961253 
1764.000000	92.962668 
1763.000000	92.964563 
1762.000000	92.966488 
1761.000000	92.967906 
1760.000000	92.968745 
1759.000000	92.969688 
1758.000000	92.971847 
1757.000000	92.975361 
1756.000000	92.978852 
1755.000000	92.980611 
1754.000000	92.980593 
1753.000000	92.980337 
1752.000000	92.981342 
1751.000000	92.984119 
1750.000000	92.988068 
1749.000000	92.991674 
1748.000000	92.993599 
1747.000000	92.993960 
1746.000000	92.994203 
1745.000000	92.996453 
1744.000000	93.001659 
1743.000000	93.008359 
1742.000000	93.014132 
1741.000000	93.017513 
1740.000000	93.017999 
1739.000000	93.016415 
1738.000000	93.015123 
1737.000000	93.016160 
1736.000000	93.020044 
1735.000000	93.023926 
1734.000000	93.023498 
1733.000000	93.020555 
1732.000000	93.019795 
1731.000000	93.022163 
1730.000000	93.026164 
1729.000000	93.028825 
1728.000000	93.028526 
1727.000000	93.026330 
1726.000000	93.023779 
1725.000000	93.021870 
1724.000000	93.020996 
1723.000000	93.021243 
1722.000000	93.022301 
1721.000000	93.023051 
1720.000000	93.022137 
1719.000000	93.018246 
1718.000000	93.011675 
1717.000000	93.006193 
1716.000000	93.004754 
1715.000000	93.005436 
1714.000000	93.004971 
1713.000000	93.002208 
1712.000000	92.998540 
1711.000000	92.996273 
1710.000000	92.996030 
1709.000000	92.996555 
1708.000000	92.996889 
1707.000000	92.996971 
1706.000000	92.996654 
1705.000000	92.996034 
1704.000000	92.996610 
1703.000000	93.000142 
1702.000000	93.006579 
1701.000000	93.011563 
1700.000000	93.010262 
1699.000000	93.006702 
1698.000000	93.006986 
1697.000000	93.011820 
1696.000000	93.018105 
1695.000000	93.021663 
1694.000000	93.022093 
1693.000000	93.021287 
1692.000000	93.020932 
1691.000000	93.022114 
1690.000000	93.025367 
1689.000000	93.030364 
1688.000000	93.035517 
1687.000000	93.038851 
1686.000000	93.039696 
1685.000000	93.038913 
1684.000000	93.039695 
1683.000000	93.045107 
1682.000000	93.052581 
1681.000000	93.058864 
1680.000000	93.063953 
1679.000000	93.067945 
1678.000000	93.070989 
1677.000000	93.073909 
1676.000000	93.076961 
1675.000000	93.079661 
1674.000000	93.082122 
1673.000000	93.084907 
1672.000000	93.087750 
1671.000000	93.089443 
1670.000000	93.089490 
1669.000000	93.090247 
1668.000000	93.094433 
1667.000000	93.101241 
1666.000000	93.108813 
1665.000000	93.116866 
1664.000000	93.124863 
1663.000000	93.130897 
1662.000000	93.133990 
1661.000000	93.135908 
1660.000000	93.138630 
1659.000000	93.141512 
1658.000000	93.142667 
1657.000000	93.142027 
1656.000000	93.141577 
1655.000000	93.142412 
1654.000000	93.143572 
1653.000000	93.144483 
1652.000000	93.147603 
1651.000000	93.151145 
1650.000000	93.151859 
1649.000000	93.152430 
1648.000000	93.154231 
1647.000000	93.155482 
1646.000000	93.155810 
1645.000000	93.157131 
1644.000000	93.159803 
1643.000000	93.163075 
1642.000000	93.165073 
1641.000000	93.163914 
1640.000000	93.161068 
1639.000000	93.159822 
1638.000000	93.161870 
1637.000000	93.165470 
1636.000000	93.167524 
1635.000000	93.168085 
1634.000000	93.169240 
1633.000000	93.170372 
1632.000000	93.171133 
1631.000000	93.173426 
1630.000000	93.177532 
1629.000000	93.182174 
1628.000000	93.187368 
1627.000000	93.195010 
1626.000000	93.205214 
1625.000000	93.214945 
1624.000000	93.220337 
1623.000000	93.220100 
1622.000000	93.217265 
1621.000000	93.215604 
1620.000000	93.217095 
1619.000000	93.222543 
1618.000000	93.231189 
1617.000000	93.240119 
1616.000000	93.248183 
1615.000000	93.256359 
1614.000000	93.262702 
1613.000000	93.264870 
1612.000000	93.263393 
1611.000000	93.261237 
1610.000000	93.261854 
1609.000000	93.266618 
1608.000000	93.274139 
1607.000000	93.282189 
1606.000000	93.289552 
1605.000000	93.296435 
1604.000000	93.303313 
1603.000000	93.309102 
1602.000000	93.312229 
1601.000000	93.312417 
1600.000000	93.311083 
1599.000000	93.310609 
1598.000000	93.312724 
1597.000000	93.316896 
1596.000000	93.320094 
1595.000000	93.319383 
1594.000000	93.315145 
1593.000000	93.310968 
1592.000000	93.309920 
1591.000000	93.311430 
1590.000000	93.312290 
1589.000000	93.310480 
1588.000000	93.307367 
1587.000000	93.305734 
1586.000000	93.306448 
1585.000000	93.307304 
1584.000000	93.306025 
1583.000000	93.302415 
1582.000000	93.298137 
1581.000000	93.295466 
1580.000000	93.295344 
1579.000000	93.296473 
1578.000000	93.295615 
1577.000000	93.288628 
1576.000000	93.274527 
1575.000000	93.260321 
1574.000000	93.252056 
1573.000000	93.248771 
1572.000000	93.248284 
1571.000000	93.248084 
1570.000000	93.245732 
1569.000000	93.241633 
1568.000000	93.238007 
1567.000000	93.234756 
1566.000000	93.231062 
1565.000000	93.226572 
1564.000000	93.221147 
1563.000000	93.215555 
1562.000000	93.211223 
1561.000000	93.208936 
1560.000000	93.206364 
1559.000000	93.200294 
1558.000000	93.195429 
1557.000000	93.194155 
1556.000000	93.193356 
1555.000000	93.193285 
1554.000000	93.192453 
1553.000000	93.188759 
1552.000000	93.183182 
1551.000000	93.178589 
1550.000000	93.177090 
1549.000000	93.177540 
1548.000000	93.177072 
1547.000000	93.174636 
1546.000000	93.171163 
1545.000000	93.168466 
1544.000000	93.168434 
1543.000000	93.171670 
1542.000000	93.177118 
1541.000000	93.181440 
1540.000000	93.180160 
1539.000000	93.173914 
1538.000000	93.167068 
1537.000000	93.160961 
1536.000000	93.155371 
1535.000000	93.149802 
1534.000000	93.143681 
1533.000000	93.138132 
1532.000000	93.134163 
1531.000000	93.130451 
1530.000000	93.126157 
1529.000000	93.121959 
1528.000000	93.118886 
1527.000000	93.117518 
1526.000000	93.117258 
1525.000000	93.116650 
1524.000000	93.114758 
1523.000000	93.111685 
1522.000000	93.108279 
1521.000000	93.105843 
1520.000000	93.104352 
1519.000000	93.102322 
1518.000000	93.099655 
1517.000000	93.097560 
1516.000000	93.096552 
1515.000000	93.095745 
1514.000000	93.094073 
1513.000000	93.091503 
1512.000000	93.088571 
1511.000000	93.085893 
1510.000000	93.083919 
1509.000000	93.082900 
1508.000000	93.083284 
1507.000000	93.085186 
1506.000000	93.086623 
1505.000000	93.085226 
1504.000000	93.081629 
1503.000000	93.077944 
1502.000000	93.075715 
1501.000000	93.075370 
1500.000000	93.076315 
1499.000000	93.077141 
1498.000000	93.076239 
1497.000000	93.073047 
1496.000000	93.069264 
1495.000000	93.067292 
1494.000000	93.067110 
1493.000000	93.066864 
1492.000000	93.065463 
1491.000000	93.064181 
1490.000000	93.065903 
1489.000000	93.070752 
1488.000000	93.074604 
1487.000000	93.074494 
1486.000000	93.071207 
1485.000000	93.066524 
1484.000000	93.062194 
1483.000000	93.060018 
1482.000000	93.061253 
1481.000000	93.065187 
1480.000000	93.068987 
1479.000000	93.070871 
1478.000000	93.071754 
1477.000000	93.073717 
1476.000000	93.077715 
1475.000000	93.083509 
1474.000000	93.090531 
1473.000000	93.098237 
1472.000000	93.105014 
1471.000000	93.108319 
1470.000000	93.107933 
1469.000000	93.106821 
1468.000000	93.108119 
1467.000000	93.112613 
1466.000000	93.118215 
1465.000000	93.121071 
1464.000000	93.118577 
1463.000000	93.110667 
1462.000000	93.099359 
1461.000000	93.087536 
1460.000000	93.077703 
1459.000000	93.071492 
1458.000000	93.069232 
1457.000000	93.069557 
1456.000000	93.068087 
1455.000000	93.061141 
1454.000000	93.052267 
1453.000000	93.047259 
1452.000000	93.046375 
1451.000000	93.046128 
1450.000000	93.045115 
1449.000000	93.045720 
1448.000000	93.050358 
1447.000000	93.057575 
1446.000000	93.062576 
1445.000000	93.062366 
1444.000000	93.057924 
1443.000000	93.052331 
1442.000000	93.049148 
1441.000000	93.049658 
1440.000000	93.052619 
1439.000000	93.056661 
1438.000000	93.062102 
1437.000000	93.069158 
1436.000000	93.074431 
1435.000000	93.072724 
1434.000000	93.064480 
1433.000000	93.055285 
1432.000000	93.048672 
1431.000000	93.044389 
1430.000000	93.040887 
1429.000000	93.037140 
1428.000000	93.032679 
1427.000000	93.028203 
1426.000000	93.025243 
1425.000000	93.024666 
1424.000000	93.024840 
1423.000000	93.022045 
1422.000000	93.014526 
1421.000000	93.004138 
1420.000000	92.994961 
1419.000000	92.990987 
1418.000000	92.990895 
1417.000000	92.987619 
1416.000000	92.977632 
1415.000000	92.963136 
1414.000000	92.947418 
1413.000000	92.932853 
1412.000000	92.920780 
1411.000000	92.911247 
1410.000000	92.902557 
1409.000000	92.892505 
1408.000000	92.881175 
1407.000000	92.872116 
1406.000000	92.869762 
1405.000000	92.876055 
1404.000000	92.888591 
1403.000000	92.901598 
1402.000000	92.910853 
1401.000000	92.916770 
1400.000000	92.922890 
1399.000000	92.930855 
1398.000000	92.935181 
1397.000000	92.926660 
1396.000000	92.903123 
1395.000000	92.876618 
1394.000000	92.865894 
1393.000000	92.877500 
1392.000000	92.901933 
1391.000000	92.925548 
1390.000000	92.940384 
1389.000000	92.945513 
1388.000000	92.944402 
1387.000000	92.941679 
1386.000000	92.939827 
1385.000000	92.938849 
1384.000000	92.938718 
1383.000000	92.939650 
1382.000000	92.941465 
1381.000000	92.944062 
1380.000000	92.948368 
1379.000000	92.955931 
1378.000000	92.967143 
1377.000000	92.980666 
1376.000000	92.994955 
1375.000000	93.009865 
1374.000000	93.026260 
1373.000000	93.044016 
1372.000000	93.061621 
1371.000000	93.078595 
1370.000000	93.096008 
1369.000000	93.114074 
1368.000000	93.130450 
1367.000000	93.142006 
1366.000000	93.148573 
1365.000000	93.153864 
1364.000000	93.162732 
1363.000000	93.177385 
1362.000000	93.194945 
1361.000000	93.209263 
1360.000000	93.216631 
1359.000000	93.218676 
1358.000000	93.220575 
1357.000000	93.227488 
1356.000000	93.240751 
1355.000000	93.256282 
1354.000000	93.267822 
1353.000000	93.272934 
1352.000000	93.274708 
1351.000000	93.277350 
1350.000000	93.281702 
1349.000000	93.284866 
1348.000000	93.283674 
1347.000000	93.278354 
1346.000000	93.272180 
1345.000000	93.267807 
1344.000000	93.265364 
1343.000000	93.263988 
1342.000000	93.263609 
1341.000000	93.264486 
1340.000000	93.266281 
1339.000000	93.268587 
1338.000000	93.271702 
1337.000000	93.275966 
1336.000000	93.280378 
1335.000000	93.282670 
1334.000000	93.281373 
1333.000000	93.277487 
1332.000000	93.273895 
1331.000000	93.273487 
1330.000000	93.277439 
1329.000000	93.284304 
1328.000000	93.290613 
1327.000000	93.293333 
1326.000000	93.292472 
1325.000000	93.291109 
1324.000000	93.292647 
1323.000000	93.297924 
1322.000000	93.304456 
1321.000000	93.308387 
1320.000000	93.307823 
1319.000000	93.304637 
1318.000000	93.302654 
1317.000000	93.303981 
1316.000000	93.307920 
1315.000000	93.312848 
1314.000000	93.317386 
1313.000000	93.319743 
1312.000000	93.318077 
1311.000000	93.312908 
1310.000000	93.308087 
1309.000000	93.307431 
1308.000000	93.310582 
1307.000000	93.313547 
1306.000000	93.313346 
1305.000000	93.310935 
1304.000000	93.309425 
1303.000000	93.310711 
1302.000000	93.314247 
1301.000000	93.317896 
1300.000000	93.319292 
1299.000000	93.317376 
1298.000000	93.313314 
1297.000000	93.309499 
1296.000000	93.307543 
1295.000000	93.307698 
1294.000000	93.309792 
1293.000000	93.313110 
1292.000000	93.315332 
1291.000000	93.313609 
1290.000000	93.307703 
1289.000000	93.300761 
1288.000000	93.295909 
1287.000000	93.293123 
1286.000000	93.290557 
1285.000000	93.287576 
1284.000000	93.284942 
1283.000000	93.283048 
1282.000000	93.281391 
1281.000000	93.279325 
1280.000000	93.276236 
1279.000000	93.271317 
1278.000000	93.264344 
1277.000000	93.256606 
1276.000000	93.249911 
1275.000000	93.244660 
1274.000000	93.239957 
1273.000000	93.235478 
1272.000000	93.231945 
1271.000000	93.229324 
1270.000000	93.225720 
1269.000000	93.219174 
1268.000000	93.210126 
1267.000000	93.201344 
1266.000000	93.195323 
1265.000000	93.191874 
1264.000000	93.188132 
1263.000000	93.180953 
1262.000000	93.169858 
1261.000000	93.157917 
1260.000000	93.148979 
1259.000000	93.143278 
1258.000000	93.136593 
1257.000000	93.124905 
1256.000000	93.109434 
1255.000000	93.095629 
1254.000000	93.087030 
1253.000000	93.081842 
1252.000000	93.076136 
1251.000000	93.068728 
1250.000000	93.061567 
1249.000000	93.056731 
1248.000000	93.054951 
1247.000000	93.055847 
1246.000000	93.056892 
1245.000000	93.052660 
1244.000000	93.038802 
1243.000000	93.018719 
1242.000000	93.003902 
1241.000000	93.004223 
1240.000000	93.018179 
1239.000000	93.033792 
1238.000000	93.039262 
1237.000000	93.031249 
1236.000000	93.013432 
1235.000000	92.991238 
1234.000000	92.969510 
1233.000000	92.952367 
1232.000000	92.941414 
1231.000000	92.933507 
1230.000000	92.922822 
1229.000000	92.906736 
1228.000000	92.888748 
1227.000000	92.874685 
1226.000000	92.866730 
1225.000000	92.862128 
1224.000000	92.857048 
1223.000000	92.850085 
1222.000000	92.841809 
1221.000000	92.832438 
1220.000000	92.821171 
1219.000000	92.807438 
1218.000000	92.791455 
1217.000000	92.773091 
1216.000000	92.751200 
1215.000000	92.725359 
1214.000000	92.698179 
1213.000000	92.674061 
1212.000000	92.654212 
1211.000000	92.634168 
1210.000000	92.608450 
1209.000000	92.577419 
1208.000000	92.547220 
1207.000000	92.522021 
1206.000000	92.498611 
1205.000000	92.470889 
1204.000000	92.437744 
1203.000000	92.403632 
1202.000000	92.372197 
1201.000000	92.342407 
1200.000000	92.311366 
1199.000000	92.278198 
1198.000000	92.244150 
1197.000000	92.210501 
1196.000000	92.177455 
1195.000000	92.144290 
1194.000000	92.110204 
1193.000000	92.075804 
1192.000000	92.043310 
1191.000000	92.013683 
1190.000000	91.984022 
1189.000000	91.950220 
1188.000000	91.912265 
1187.000000	91.874478 
1186.000000	91.840084 
1185.000000	91.808053 
1184.000000	91.775864 
1183.000000	91.742389 
1182.000000	91.706902 
1181.000000	91.668423 
1180.000000	91.628323 
1179.000000	91.591152 
1178.000000	91.559744 
1177.000000	91.530224 
1176.000000	91.494053 
1175.000000	91.445172 
1174.000000	91.384849 
1173.000000	91.320584 
1172.000000	91.260545 
1171.000000	91.207292 
1170.000000	91.155693 
1169.000000	91.098551 
1168.000000	91.035641 
1167.000000	90.975779 
1166.000000	90.929034 
1165.000000	90.898786 
1164.000000	90.882113 
1163.000000	90.875268 
1162.000000	90.877389 
1161.000000	90.890636 
1160.000000	90.917365 
1159.000000	90.954538 
1158.000000	90.990012 
1157.000000	91.007926 
1156.000000	91.000215 
1155.000000	90.971486 
1154.000000	90.932051 
1153.000000	90.888322 
1152.000000	90.841836 
1151.000000	90.794423 
1150.000000	90.749139 
1149.000000	90.706215 
1148.000000	90.662321 
1147.000000	90.615231 
1146.000000	90.566695 
1145.000000	90.519139 
1144.000000	90.471101 
1143.000000	90.418250 
1142.000000	90.359206 
1141.000000	90.298874 
1140.000000	90.244384 
1139.000000	90.197534 
1138.000000	90.152764 
1137.000000	90.103420 
1136.000000	90.048076 
1135.000000	89.989059 
1134.000000	89.927105 
1133.000000	89.861151 
1132.000000	89.792890 
1131.000000	89.727555 
1130.000000	89.668864 
1129.000000	89.615498 
1128.000000	89.563084 
1127.000000	89.507439 
1126.000000	89.446054 
1125.000000	89.379214 
1124.000000	89.309913 
1123.000000	89.240630 
1122.000000	89.170578 
1121.000000	89.097824 
1120.000000	89.022567 
1119.000000	88.945661 
1118.000000	88.866312 
1117.000000	88.785361 
1116.000000	88.708260 
1115.000000	88.638828 
1114.000000	88.571462 
1113.000000	88.496302 
1112.000000	88.411467 
1111.000000	88.323404 
1110.000000	88.235614 
1109.000000	88.144898 
1108.000000	88.050188 
1107.000000	87.957018 
1106.000000	87.870120 
1105.000000	87.787624 
1104.000000	87.705080 
1103.000000	87.619849 
1102.000000	87.529817 
1101.000000	87.433246 
1100.000000	87.332453 
1099.000000	87.233196 
1098.000000	87.138605 
1097.000000	87.048241 
1096.000000	86.962490 
1095.000000	86.881758 
1094.000000	86.800511 
1093.000000	86.709359 
1092.000000	86.606053 
1091.000000	86.499468 
1090.000000	86.400495 
1089.000000	86.313312 
1088.000000	86.236179 
1087.000000	86.164496 
1086.000000	86.091709 
1085.000000	86.013928 
1084.000000	85.935915 
1083.000000	85.866359 
1082.000000	85.805214 
1081.000000	85.742231 
1080.000000	85.670648 
1079.000000	85.596108 
1078.000000	85.529551 
1077.000000	85.477487 
1076.000000	85.441112 
1075.000000	85.417092 
1074.000000	85.395688 
1073.000000	85.364893 
1072.000000	85.319293 
1071.000000	85.258957 
1070.000000	85.179517 
1069.000000	85.073626 
1068.000000	84.946373 
1067.000000	84.820273 
1066.000000	84.717310 
1065.000000	84.641023 
1064.000000	84.580683 
1063.000000	84.523704 
1062.000000	84.456820 
1061.000000	84.364353 
1060.000000	84.238320 
1059.000000	84.090306 
1058.000000	83.945747 
1057.000000	83.824977 
1056.000000	83.732792 
1055.000000	83.662087 
1054.000000	83.600730 
1053.000000	83.536999 
1052.000000	83.465314 
1051.000000	83.389403 
1050.000000	83.318531 
1049.000000	83.259862 
1048.000000	83.213407 
1047.000000	83.171973 
1046.000000	83.126911 
1045.000000	83.077038 
1044.000000	83.030511 
1043.000000	82.994532 
1042.000000	82.964961 
1041.000000	82.930078 
1040.000000	82.882943 
1039.000000	82.826329 
1038.000000	82.769289 
1037.000000	82.724565 
1036.000000	82.705150 
1035.000000	82.714275 
1034.000000	82.738499 
1033.000000	82.756676 
1032.000000	82.754815 
1031.000000	82.729025 
1030.000000	82.682629 
1029.000000	82.630691 
1028.000000	82.599873 
1027.000000	82.607823 
1026.000000	82.642284 
1025.000000	82.672259 
1024.000000	82.680555 
1023.000000	82.674108 
1022.000000	82.664649 
1021.000000	82.654675 
1020.000000	82.644004 
1019.000000	82.634920 
1018.000000	82.625626 
1017.000000	82.610412 
1016.000000	82.591002 
1015.000000	82.577337 
1014.000000	82.573293 
1013.000000	82.571860 
1012.000000	82.567738 
1011.000000	82.563964 
1010.000000	82.562666 
1009.000000	82.560704 
1008.000000	82.559082 
1007.000000	82.565628 
1006.000000	82.582391 
1005.000000	82.600004 
1004.000000	82.610893 
1003.000000	82.620354 
1002.000000	82.638954 
1001.000000	82.670424 
1000.000000	82.710520 
999.000000	 82.750638 
998.000000	 82.780321 
997.000000	 82.795137 
996.000000	 82.805679 
995.000000	 82.830369 
994.000000	 82.875470 
993.000000	 82.929368 
992.000000	 82.978739 
991.000000	 83.021597 
990.000000	 83.061433 
989.000000	 83.099316 
988.000000	 83.138203 
987.000000	 83.186216 
986.000000	 83.247717 
985.000000	 83.316582 
984.000000	 83.383979 
983.000000	 83.448504 
982.000000	 83.515001 
981.000000	 83.588536 
980.000000	 83.673640 
979.000000	 83.773684 
978.000000	 83.885532 
977.000000	 83.998891 
976.000000	 84.105658 
975.000000	 84.207856 
974.000000	 84.314129 
973.000000	 84.430943 
972.000000	 84.558165 
971.000000	 84.689808 
970.000000	 84.818266 
969.000000	 84.941148 
968.000000	 85.064225 
967.000000	 85.194830 
966.000000	 85.333066 
965.000000	 85.472307 
964.000000	 85.606031 
963.000000	 85.730082 
962.000000	 85.841847 
961.000000	 85.944124 
960.000000	 86.047933 
959.000000	 86.163567 
958.000000	 86.287894 
957.000000	 86.406337 
956.000000	 86.507866 
955.000000	 86.593449 
954.000000	 86.671659 
953.000000	 86.751882 
952.000000	 86.839924 
951.000000	 86.932642 
950.000000	 87.017180 
949.000000	 87.083073 
948.000000	 87.135581 
947.000000	 87.190135 
946.000000	 87.252726 
945.000000	 87.313367 
944.000000	 87.360560 
943.000000	 87.394329 
942.000000	 87.422929 
941.000000	 87.453938 
940.000000	 87.491472 
939.000000	 87.535264 
938.000000	 87.578416 
937.000000	 87.611561 
936.000000	 87.633223 
935.000000	 87.652132 
934.000000	 87.676926 
933.000000	 87.708221 
932.000000	 87.742667 
931.000000	 87.778811 
930.000000	 87.815670 
929.000000	 87.850819 
928.000000	 87.884174 
927.000000	 87.920275 
926.000000	 87.963208 
925.000000	 88.011035 
924.000000	 88.056571 
923.000000	 88.091720 
922.000000	 88.112156 
921.000000	 88.122231 
920.000000	 88.134574 
919.000000	 88.159027 
918.000000	 88.191500 
917.000000	 88.219280 
916.000000	 88.237494 
915.000000	 88.253442 
914.000000	 88.274355 
913.000000	 88.300351 
912.000000	 88.332658 
911.000000	 88.378780 
910.000000	 88.442203 
909.000000	 88.513823 
908.000000	 88.581892 
907.000000	 88.647276 
906.000000	 88.721525 
905.000000	 88.811964 
904.000000	 88.915130 
903.000000	 89.023470 
902.000000	 89.132513 
901.000000	 89.240265 
900.000000	 89.343964 
899.000000	 89.441497 
898.000000	 89.535887 
897.000000	 89.634749 
896.000000	 89.741456 
895.000000	 89.847047 
894.000000	 89.936250 
893.000000	 90.004894 
892.000000	 90.066954 
891.000000	 90.139050 
890.000000	 90.220846 
889.000000	 90.297677 
888.000000	 90.360826 
887.000000	 90.416514 
886.000000	 90.473913 
885.000000	 90.533209 
884.000000	 90.589756 
883.000000	 90.643215 
882.000000	 90.697476 
881.000000	 90.756768 
880.000000	 90.827055 
879.000000	 90.916212 
878.000000	 91.025912 
877.000000	 91.145614 
876.000000	 91.260067 
875.000000	 91.362115 
874.000000	 91.455446 
873.000000	 91.547352 
872.000000	 91.642436 
871.000000	 91.741447 
870.000000	 91.842340 
869.000000	 91.942658 
868.000000	 92.041975 
867.000000	 92.140137 
866.000000	 92.232879 
865.000000	 92.313587 
864.000000	 92.381955 
863.000000	 92.446922 
862.000000	 92.516816 
861.000000	 92.589375 
860.000000	 92.656451 
859.000000	 92.716407 
858.000000	 92.776234 
857.000000	 92.841727 
856.000000	 92.910276 
855.000000	 92.973789 
854.000000	 93.025056 
853.000000	 93.061527 
852.000000	 93.087239 
851.000000	 93.111937 
850.000000	 93.144639 
849.000000	 93.186161 
848.000000	 93.228887 
847.000000	 93.262384 
846.000000	 93.277488 
845.000000	 93.269599 
844.000000	 93.244528 
843.000000	 93.218810 
842.000000	 93.205284 
841.000000	 93.197415 
840.000000	 93.176202 
839.000000	 93.134317 
838.000000	 93.085611 
837.000000	 93.048118 
836.000000	 93.025373 
835.000000	 93.007957 
834.000000	 92.985056 
833.000000	 92.949718 
832.000000	 92.901678 
831.000000	 92.853571 
830.000000	 92.827825 
829.000000	 92.836601 
828.000000	 92.866717 
827.000000	 92.892780 
826.000000	 92.903669 
825.000000	 92.907723 
824.000000	 92.914594 
823.000000	 92.924219 
822.000000	 92.933501 
821.000000	 92.940634 
820.000000	 92.940283 
819.000000	 92.925316 
818.000000	 92.896480 
817.000000	 92.862232 
816.000000	 92.826217 
815.000000	 92.781907 
814.000000	 92.722299 
813.000000	 92.647353 
812.000000	 92.556931 
811.000000	 92.442696 
810.000000	 92.293984 
809.000000	 92.108328 
808.000000	 91.890848 
807.000000	 91.647151 
806.000000	 91.383509 
805.000000	 91.112094 
804.000000	 90.848265 
803.000000	 90.600641 
802.000000	 90.369172 
801.000000	 90.156057 
800.000000	 89.973565 
799.000000	 89.836204 
798.000000	 89.749272 
797.000000	 89.710998 
796.000000	 89.720993 
795.000000	 89.776436 
794.000000	 89.861062 
793.000000	 89.949090 
792.000000	 90.024248 
791.000000	 90.088491 
790.000000	 90.148941 
789.000000	 90.201675 
788.000000	 90.231767 
787.000000	 90.225788 
786.000000	 90.181261 
785.000000	 90.106178 
784.000000	 90.012618 
783.000000	 89.910570 
782.000000	 89.806426 
781.000000	 89.707454 
780.000000	 89.626218 
779.000000	 89.576805 
778.000000	 89.566028 
777.000000	 89.591502 
776.000000	 89.648090 
775.000000	 89.731487 
774.000000	 89.835448 
773.000000	 89.951799 
772.000000	 90.075371 
771.000000	 90.203645 
770.000000	 90.329074 
769.000000	 90.437736 
768.000000	 90.520748 
767.000000	 90.583875 
766.000000	 90.640730 
765.000000	 90.698068 
764.000000	 90.752785 
763.000000	 90.802210 
762.000000	 90.850472 
761.000000	 90.902097 
760.000000	 90.954278 
759.000000	 91.000439 
758.000000	 91.040290 
757.000000	 91.082240 
756.000000	 91.134681 
755.000000	 91.196523 
754.000000	 91.257505 
753.000000	 91.307615 
752.000000	 91.345884 
751.000000	 91.379988 
750.000000	 91.417461 
749.000000	 91.458503 
748.000000	 91.499040 
747.000000	 91.540020 
746.000000	 91.589534 
745.000000	 91.653130 
744.000000	 91.725672 
743.000000	 91.798189 
742.000000	 91.871326 
741.000000	 91.954599 
740.000000	 92.050010 
739.000000	 92.143166 
738.000000	 92.216631 
737.000000	 92.268989 
736.000000	 92.315036 
735.000000	 92.368900 
734.000000	 92.431915 
733.000000	 92.495561 
732.000000	 92.549571 
731.000000	 92.586592 
730.000000	 92.605902 
729.000000	 92.615929 
728.000000	 92.629866 
727.000000	 92.653910 
726.000000	 92.679833 
725.000000	 92.693998 
724.000000	 92.694090 
723.000000	 92.693829 
722.000000	 92.710793 
721.000000	 92.750530 
720.000000	 92.800958 
719.000000	 92.839913 
718.000000	 92.850816 
717.000000	 92.836684 
716.000000	 92.820228 
715.000000	 92.826141 
714.000000	 92.858756 
713.000000	 92.897784 
712.000000	 92.917266 
711.000000	 92.905536 
710.000000	 92.867464 
709.000000	 92.815617 
708.000000	 92.765937 
707.000000	 92.736135 
706.000000	 92.733321 
705.000000	 92.740884 
704.000000	 92.727109 
703.000000	 92.670463 
702.000000	 92.574244 
701.000000	 92.455492 
700.000000	 92.324782 
699.000000	 92.182554 
698.000000	 92.029891 
697.000000	 91.878475 
696.000000	 91.751597 
695.000000	 91.674802 
694.000000	 91.664021 
693.000000	 91.716378 
692.000000	 91.809564 
691.000000	 91.916059 
690.000000	 92.019234 
689.000000	 92.114817 
688.000000	 92.199510 
687.000000	 92.265634 
686.000000	 92.312654 
685.000000	 92.354835 
684.000000	 92.408500 
683.000000	 92.474900 
682.000000	 92.538226 
681.000000	 92.580395 
680.000000	 92.598605 
679.000000	 92.612009 
678.000000	 92.646927 
677.000000	 92.707626 
676.000000	 92.772479 
675.000000	 92.823863 
674.000000	 92.868995 
673.000000	 92.923320 
672.000000	 92.986774 
671.000000	 93.050037 
670.000000	 93.112218 
669.000000	 93.181550 
668.000000	 93.237713 
667.000000	 93.245473 
666.000000	 93.218530 
665.000000	 93.187506 
664.000000	 93.170756 
663.000000	 93.181537 
662.000000	 93.217743 
661.000000	 93.263659 
660.000000	 93.301129 
659.000000	 93.322002 
658.000000	 93.323150 
657.000000	 93.301701 
656.000000	 93.266831 
655.000000	 93.245607 
654.000000	 93.255235 
653.000000	 93.280814 
652.000000	 93.298371 
651.000000	 93.307866 
650.000000	 93.326844 

