4000.000000	98.459520 
3999.000000	98.450236 
3998.000000	98.438436 
3997.000000	98.430343 
3996.000000	98.432786 
3995.000000	98.447156 
3994.000000	98.467073 
3993.000000	98.482665 
3992.000000	98.488114 
3991.000000	98.485634 
3990.000000	98.481887 
3989.000000	98.480899 
3988.000000	98.481052 
3987.000000	98.478610 
3986.000000	98.472317 
3985.000000	98.463550 
3984.000000	98.453442 
3983.000000	98.441962 
3982.000000	98.430074 
3981.000000	98.421372 
3980.000000	98.420608 
3979.000000	98.430366 
3978.000000	98.448670 
3977.000000	98.468849 
3976.000000	98.481986 
3975.000000	98.481467 
3974.000000	98.466983 
3973.000000	98.444716 
3972.000000	98.423245 
3971.000000	98.408929 
3970.000000	98.404231 
3969.000000	98.408809 
3968.000000	98.421120 
3967.000000	98.439037 
3966.000000	98.459475 
3965.000000	98.478106 
3964.000000	98.490453 
3963.000000	98.494158 
3962.000000	98.490427 
3961.000000	98.482645 
3960.000000	98.473391 
3959.000000	98.463419 
3958.000000	98.453250 
3957.000000	98.444592 
3956.000000	98.439541 
3955.000000	98.439189 
3954.000000	98.443634 
3953.000000	98.452782 
3952.000000	98.466437 
3951.000000	98.483179 
3950.000000	98.499492 
3949.000000	98.510563 
3948.000000	98.512976 
3947.000000	98.507053 
3946.000000	98.496262 
3945.000000	98.484687 
3944.000000	98.474950 
3943.000000	98.467757 
3942.000000	98.462508 
3941.000000	98.458230 
3940.000000	98.454346 
3939.000000	98.451267 
3938.000000	98.450019 
3937.000000	98.451265 
3936.000000	98.454888 
3935.000000	98.460696 
3934.000000	98.468989 
3933.000000	98.479122 
3932.000000	98.488015 
3931.000000	98.491521 
3930.000000	98.487849 
3929.000000	98.478608 
3928.000000	98.466360 
3927.000000	98.453048 
3926.000000	98.441716 
3925.000000	98.437948 
3924.000000	98.445872 
3923.000000	98.462607 
3922.000000	98.480211 
3921.000000	98.493472 
3920.000000	98.503250 
3919.000000	98.512179 
3918.000000	98.519230 
3917.000000	98.520123 
3916.000000	98.511848 
3915.000000	98.495660 
3914.000000	98.476666 
3913.000000	98.462019 
3912.000000	98.456897 
3911.000000	98.460651 
3910.000000	98.467189 
3909.000000	98.471137 
3908.000000	98.473380 
3907.000000	98.480130 
3906.000000	98.496048 
3905.000000	98.516969 
3904.000000	98.530515 
3903.000000	98.525372 
3902.000000	98.501146 
3901.000000	98.469299 
3900.000000	98.444693 
3899.000000	98.434914 
3898.000000	98.436495 
3897.000000	98.441174 
3896.000000	98.444612 
3895.000000	98.448409 
3894.000000	98.454954 
3893.000000	98.463794 
3892.000000	98.472774 
3891.000000	98.481329 
3890.000000	98.487744 
3889.000000	98.485252 
3888.000000	98.467863 
3887.000000	98.438994 
3886.000000	98.412175 
3885.000000	98.400138 
3884.000000	98.401879 
3883.000000	98.407937 
3882.000000	98.416738 
3881.000000	98.435321 
3880.000000	98.465547 
3879.000000	98.496908 
3878.000000	98.514518 
3877.000000	98.512489 
3876.000000	98.497339 
3875.000000	98.479615 
3874.000000	98.464185 
3873.000000	98.447189 
3872.000000	98.423517 
3871.000000	98.399038 
3870.000000	98.390099 
3869.000000	98.405258 
3868.000000	98.432312 
3867.000000	98.453245 
3866.000000	98.464439 
3865.000000	98.473777 
3864.000000	98.484130 
3863.000000	98.488279 
3862.000000	98.480014 
3861.000000	98.462994 
3860.000000	98.445044 
3859.000000	98.431172 
3858.000000	98.423234 
3857.000000	98.421478 
3856.000000	98.424227 
3855.000000	98.429305 
3854.000000	98.442023 
3853.000000	98.473418 
3852.000000	98.516101 
3851.000000	98.545411 
3850.000000	98.553291 
3849.000000	98.552034 
3848.000000	98.551770 
3847.000000	98.549172 
3846.000000	98.533391 
3845.000000	98.499190 
3844.000000	98.453929 
3843.000000	98.414205 
3842.000000	98.394994 
3841.000000	98.401887 
3840.000000	98.433222 
3839.000000	98.484900 
3838.000000	98.547932 
3837.000000	98.605008 
3836.000000	98.636176 
3835.000000	98.630150 
3834.000000	98.590996 
3833.000000	98.535137 
3832.000000	98.482142 
3831.000000	98.444019 
3830.000000	98.420793 
3829.000000	98.408401 
3828.000000	98.408291 
3827.000000	98.426322 
3826.000000	98.462858 
3825.000000	98.507003 
3824.000000	98.541974 
3823.000000	98.556121 
3822.000000	98.547981 
3821.000000	98.524764 
3820.000000	98.493405 
3819.000000	98.452779 
3818.000000	98.406265 
3817.000000	98.372503 
3816.000000	98.372516 
3815.000000	98.407713 
3814.000000	98.456763 
3813.000000	98.499313 
3812.000000	98.532836 
3811.000000	98.561972 
3810.000000	98.583379 
3809.000000	98.585831 
3808.000000	98.562227 
3807.000000	98.519945 
3806.000000	98.474187 
3805.000000	98.432011 
3804.000000	98.395078 
3803.000000	98.372275 
3802.000000	98.375816 
3801.000000	98.406787 
3800.000000	98.448014 
3799.000000	98.478779 
3798.000000	98.496459 
3797.000000	98.511694 
3796.000000	98.528322 
3795.000000	98.536439 
3794.000000	98.523333 
3793.000000	98.487520 
3792.000000	98.441556 
3791.000000	98.402687 
3790.000000	98.382678 
3789.000000	98.384288 
3788.000000	98.403085 
3787.000000	98.430758 
3786.000000	98.458785 
3785.000000	98.481878 
3784.000000	98.498711 
3783.000000	98.509115 
3782.000000	98.511884 
3781.000000	98.506543 
3780.000000	98.495006 
3779.000000	98.480625 
3778.000000	98.465284 
3777.000000	98.448796 
3776.000000	98.432015 
3775.000000	98.418678 
3774.000000	98.412847 
3773.000000	98.416397 
3772.000000	98.430740 
3771.000000	98.458545 
3770.000000	98.498850 
3769.000000	98.540208 
3768.000000	98.564376 
3767.000000	98.560697 
3766.000000	98.534964 
3765.000000	98.502496 
3764.000000	98.473356 
3763.000000	98.446731 
3762.000000	98.420248 
3761.000000	98.400410 
3760.000000	98.398884 
3759.000000	98.419805 
3758.000000	98.454805 
3757.000000	98.492127 
3756.000000	98.524108 
3755.000000	98.545887 
3754.000000	98.553871 
3753.000000	98.547758 
3752.000000	98.532648 
3751.000000	98.516111 
3750.000000	98.502447 
3749.000000	98.490887 
3748.000000	98.479247 
3747.000000	98.469930 
3746.000000	98.471946 
3745.000000	98.493131 
3744.000000	98.529210 
3743.000000	98.558297 
3742.000000	98.557739 
3741.000000	98.532392 
3740.000000	98.506501 
3739.000000	98.492760 
3738.000000	98.481994 
3737.000000	98.460221 
3736.000000	98.430336 
3735.000000	98.409154 
3734.000000	98.407024 
3733.000000	98.421175 
3732.000000	98.444868 
3731.000000	98.470132 
3730.000000	98.486278 
3729.000000	98.485794 
3728.000000	98.471334 
3727.000000	98.453391 
3726.000000	98.439680 
3725.000000	98.426957 
3724.000000	98.407380 
3723.000000	98.381454 
3722.000000	98.358618 
3721.000000	98.346452 
3720.000000	98.343904 
3719.000000	98.345571 
3718.000000	98.348180 
3717.000000	98.351836 
3716.000000	98.355860 
3715.000000	98.356118 
3714.000000	98.347883 
3713.000000	98.329029 
3712.000000	98.300744 
3711.000000	98.265938 
3710.000000	98.227577 
3709.000000	98.189927 
3708.000000	98.159063 
3707.000000	98.139822 
3706.000000	98.131837 
3705.000000	98.129224 
3704.000000	98.124914 
3703.000000	98.115934 
3702.000000	98.105212 
3701.000000	98.097439 
3700.000000	98.092550 
3699.000000	98.085290 
3698.000000	98.071408 
3697.000000	98.052307 
3696.000000	98.033030 
3695.000000	98.017231 
3694.000000	98.006747 
3693.000000	98.004281 
3692.000000	98.011236 
3691.000000	98.022856 
3690.000000	98.030328 
3689.000000	98.031474 
3688.000000	98.033135 
3687.000000	98.037429 
3686.000000	98.036283 
3685.000000	98.022753 
3684.000000	97.998074 
3683.000000	97.967171 
3682.000000	97.932848 
3681.000000	97.896311 
3680.000000	97.861756 
3679.000000	97.834904 
3678.000000	97.816913 
3677.000000	97.804038 
3676.000000	97.796071 
3675.000000	97.799008 
3674.000000	97.809670 
3673.000000	97.810732 
3672.000000	97.788740 
3671.000000	97.742661 
3670.000000	97.681902 
3669.000000	97.621068 
3668.000000	97.567195 
3667.000000	97.518338 
3666.000000	97.472451 
3665.000000	97.429985 
3664.000000	97.393407 
3663.000000	97.366613 
3662.000000	97.352054 
3661.000000	97.347439 
3660.000000	97.345548 
3659.000000	97.337234 
3658.000000	97.316266 
3657.000000	97.283029 
3656.000000	97.244618 
3655.000000	97.206845 
3654.000000	97.168563 
3653.000000	97.128778 
3652.000000	97.093424 
3651.000000	97.070168 
3650.000000	97.058712 
3649.000000	97.049395 
3648.000000	97.034049 
3647.000000	97.013539 
3646.000000	96.991465 
3645.000000	96.967826 
3644.000000	96.940875 
3643.000000	96.910773 
3642.000000	96.878787 
3641.000000	96.844818 
3640.000000	96.808283 
3639.000000	96.772041 
3638.000000	96.742521 
3637.000000	96.723007 
3636.000000	96.709577 
3635.000000	96.695870 
3634.000000	96.680780 
3633.000000	96.667884 
3632.000000	96.658075 
3631.000000	96.646076 
3630.000000	96.623321 
3629.000000	96.587363 
3628.000000	96.547244 
3627.000000	96.512249 
3626.000000	96.486510 
3625.000000	96.475088 
3624.000000	96.480272 
3623.000000	96.496399 
3622.000000	96.514893 
3621.000000	96.532590 
3620.000000	96.553617 
3619.000000	96.583054 
3618.000000	96.620534 
3617.000000	96.660665 
3616.000000	96.697560 
3615.000000	96.727725 
3614.000000	96.751492 
3613.000000	96.773574 
3612.000000	96.799795 
3611.000000	96.831791 
3610.000000	96.866184 
3609.000000	96.898731 
3608.000000	96.927763 
3607.000000	96.953903 
3606.000000	96.978005 
3605.000000	97.000637 
3604.000000	97.022122 
3603.000000	97.041861 
3602.000000	97.059107 
3601.000000	97.074518 
3600.000000	97.089597 
3599.000000	97.103273 
3598.000000	97.111955 
3597.000000	97.114221 
3596.000000	97.113883 
3595.000000	97.117019 
3594.000000	97.127067 
3593.000000	97.143372 
3592.000000	97.164658 
3591.000000	97.191260 
3590.000000	97.221562 
3589.000000	97.247660 
3588.000000	97.257943 
3587.000000	97.247579 
3586.000000	97.223681 
3585.000000	97.198216 
3584.000000	97.179641 
3583.000000	97.171054 
3582.000000	97.171321 
3581.000000	97.177040 
3580.000000	97.184820 
3579.000000	97.192746 
3578.000000	97.200010 
3577.000000	97.205008 
3576.000000	97.204218 
3575.000000	97.194230 
3574.000000	97.175864 
3573.000000	97.155581 
3572.000000	97.141521 
3571.000000	97.137836 
3570.000000	97.142547 
3569.000000	97.150064 
3568.000000	97.155665 
3567.000000	97.157854 
3566.000000	97.157335 
3565.000000	97.155092 
3564.000000	97.151964 
3563.000000	97.147959 
3562.000000	97.141148 
3561.000000	97.128994 
3560.000000	97.112206 
3559.000000	97.096375 
3558.000000	97.088088 
3557.000000	97.089277 
3556.000000	97.095884 
3555.000000	97.101539 
3554.000000	97.102002 
3553.000000	97.096831 
3552.000000	97.088280 
3551.000000	97.079717 
3550.000000	97.074522 
3549.000000	97.074417 
3548.000000	97.077323 
3547.000000	97.077974 
3546.000000	97.073217 
3545.000000	97.066873 
3544.000000	97.065964 
3543.000000	97.071954 
3542.000000	97.078366 
3541.000000	97.077954 
3540.000000	97.070263 
3539.000000	97.061512 
3538.000000	97.058060 
3537.000000	97.061056 
3536.000000	97.066625 
3535.000000	97.069772 
3534.000000	97.067727 
3533.000000	97.060527 
3532.000000	97.049980 
3531.000000	97.038664 
3530.000000	97.029632 
3529.000000	97.025870 
3528.000000	97.028482 
3527.000000	97.034997 
3526.000000	97.040606 
3525.000000	97.041871 
3524.000000	97.038812 
3523.000000	97.033426 
3522.000000	97.027483 
3521.000000	97.022218 
3520.000000	97.018539 
3519.000000	97.016176 
3518.000000	97.013439 
3517.000000	97.009176 
3516.000000	97.004548 
3515.000000	97.001494 
3514.000000	96.999676 
3513.000000	96.996252 
3512.000000	96.989290 
3511.000000	96.980760 
3510.000000	96.975606 
3509.000000	96.977686 
3508.000000	96.986199 
3507.000000	96.995380 
3506.000000	96.998133 
3505.000000	96.991286 
3504.000000	96.978053 
3503.000000	96.964552 
3502.000000	96.953625 
3501.000000	96.943275 
3500.000000	96.931302 
3499.000000	96.919767 
3498.000000	96.914182 
3497.000000	96.918655 
3496.000000	96.931181 
3495.000000	96.943042 
3494.000000	96.943867 
3493.000000	96.929844 
3492.000000	96.908120 
3491.000000	96.892063 
3490.000000	96.890531 
3489.000000	96.901160 
3488.000000	96.914360 
3487.000000	96.922564 
3486.000000	96.924657 
3485.000000	96.922786 
3484.000000	96.917925 
3483.000000	96.909596 
3482.000000	96.898504 
3481.000000	96.887838 
3480.000000	96.881593 
3479.000000	96.881542 
3478.000000	96.885198 
3477.000000	96.886568 
3476.000000	96.880062 
3475.000000	96.865446 
3474.000000	96.849185 
3473.000000	96.839387 
3472.000000	96.838453 
3471.000000	96.840945 
3470.000000	96.839500 
3469.000000	96.832634 
3468.000000	96.826032 
3467.000000	96.826030 
3466.000000	96.832472 
3465.000000	96.838685 
3464.000000	96.837744 
3463.000000	96.828165 
3462.000000	96.814275 
3461.000000	96.802238 
3460.000000	96.795922 
3459.000000	96.795234 
3458.000000	96.797100 
3457.000000	96.797778 
3456.000000	96.794992 
3455.000000	96.788901 
3454.000000	96.781817 
3453.000000	96.776818 
3452.000000	96.775461 
3451.000000	96.775740 
3450.000000	96.773015 
3449.000000	96.764523 
3448.000000	96.753028 
3447.000000	96.744659 
3446.000000	96.742287 
3445.000000	96.742103 
3444.000000	96.737464 
3443.000000	96.725243 
3442.000000	96.708535 
3441.000000	96.694167 
3440.000000	96.687434 
3439.000000	96.687757 
3438.000000	96.688524 
3437.000000	96.682280 
3436.000000	96.667722 
3435.000000	96.651342 
3434.000000	96.641525 
3433.000000	96.641211 
3432.000000	96.646579 
3431.000000	96.651828 
3430.000000	96.653982 
3429.000000	96.653542 
3428.000000	96.652122 
3427.000000	96.650441 
3426.000000	96.648320 
3425.000000	96.645843 
3424.000000	96.643849 
3423.000000	96.642896 
3422.000000	96.641954 
3421.000000	96.638945 
3420.000000	96.633067 
3419.000000	96.626134 
3418.000000	96.620924 
3417.000000	96.618231 
3416.000000	96.616125 
3415.000000	96.612299 
3414.000000	96.607026 
3413.000000	96.603607 
3412.000000	96.605527 
3411.000000	96.612754 
3410.000000	96.620734 
3409.000000	96.623446 
3408.000000	96.618132 
3407.000000	96.607601 
3406.000000	96.597915 
3405.000000	96.593549 
3404.000000	96.594146 
3403.000000	96.595642 
3402.000000	96.594757 
3401.000000	96.592762 
3400.000000	96.594705 
3399.000000	96.604404 
3398.000000	96.619726 
3397.000000	96.632992 
3396.000000	96.636575 
3395.000000	96.628970 
3394.000000	96.615981 
3393.000000	96.606277 
3392.000000	96.605123 
3391.000000	96.611254 
3390.000000	96.618959 
3389.000000	96.622913 
3388.000000	96.621615 
3387.000000	96.617301 
3386.000000	96.613291 
3385.000000	96.611037 
3384.000000	96.609196 
3383.000000	96.605632 
3382.000000	96.600699 
3381.000000	96.598007 
3380.000000	96.600888 
3379.000000	96.608008 
3378.000000	96.613856 
3377.000000	96.614461 
3376.000000	96.611761 
3375.000000	96.611381 
3374.000000	96.616972 
3373.000000	96.628022 
3372.000000	96.642187 
3371.000000	96.657219 
3370.000000	96.669828 
3369.000000	96.674938 
3368.000000	96.668699 
3367.000000	96.652598 
3366.000000	96.633614 
3365.000000	96.619825 
3364.000000	96.615737 
3363.000000	96.620962 
3362.000000	96.632006 
3361.000000	96.644999 
3360.000000	96.657411 
3359.000000	96.668196 
3358.000000	96.677007 
3357.000000	96.683568 
3356.000000	96.687497 
3355.000000	96.688085 
3354.000000	96.684366 
3353.000000	96.676500 
3352.000000	96.667573 
3351.000000	96.662922 
3350.000000	96.666042 
3349.000000	96.674869 
3348.000000	96.682972 
3347.000000	96.685137 
3346.000000	96.681662 
3345.000000	96.677200 
3344.000000	96.675994 
3343.000000	96.678339 
3342.000000	96.681145 
3341.000000	96.681202 
3340.000000	96.678052 
3339.000000	96.674620 
3338.000000	96.675667 
3337.000000	96.684849 
3336.000000	96.701471 
3335.000000	96.719221 
3334.000000	96.729282 
3333.000000	96.726826 
3332.000000	96.715637 
3331.000000	96.705882 
3330.000000	96.706385 
3329.000000	96.718365 
3328.000000	96.735626 
3327.000000	96.749773 
3326.000000	96.755584 
3325.000000	96.753526 
3324.000000	96.748948 
3323.000000	96.748259 
3322.000000	96.754021 
3321.000000	96.762930 
3320.000000	96.769062 
3319.000000	96.769388 
3318.000000	96.765765 
3317.000000	96.761800 
3316.000000	96.758958 
3315.000000	96.756179 
3314.000000	96.752164 
3313.000000	96.746899 
3312.000000	96.741529 
3311.000000	96.738226 
3310.000000	96.740148 
3309.000000	96.749592 
3308.000000	96.764727 
3307.000000	96.779079 
3306.000000	96.786373 
3305.000000	96.786529 
3304.000000	96.785538 
3303.000000	96.788529 
3302.000000	96.794008 
3301.000000	96.796198 
3300.000000	96.792429 
3299.000000	96.786369 
3298.000000	96.783995 
3297.000000	96.788268 
3296.000000	96.798435 
3295.000000	96.812232 
3294.000000	96.826268 
3293.000000	96.835145 
3292.000000	96.833646 
3291.000000	96.821853 
3290.000000	96.806985 
3289.000000	96.798281 
3288.000000	96.799636 
3287.000000	96.807348 
3286.000000	96.814405 
3285.000000	96.816368 
3284.000000	96.813784 
3283.000000	96.810659 
3282.000000	96.811319 
3281.000000	96.817558 
3280.000000	96.827215 
3279.000000	96.835343 
3278.000000	96.837776 
3277.000000	96.834386 
3276.000000	96.828889 
3275.000000	96.825392 
3274.000000	96.825520 
3273.000000	96.828755 
3272.000000	96.834370 
3271.000000	96.842000 
3270.000000	96.850907 
3269.000000	96.860111 
3268.000000	96.869468 
3267.000000	96.879409 
3266.000000	96.889022 
3265.000000	96.895297 
3264.000000	96.895248 
3263.000000	96.888814 
3262.000000	96.879381 
3261.000000	96.871620 
3260.000000	96.868811 
3259.000000	96.871471 
3258.000000	96.877827 
3257.000000	96.885947 
3256.000000	96.895871 
3255.000000	96.909075 
3254.000000	96.925223 
3253.000000	96.940189 
3252.000000	96.948493 
3251.000000	96.947722 
3250.000000	96.940128 
3249.000000	96.930633 
3248.000000	96.924283 
3247.000000	96.924630 
3246.000000	96.931979 
3245.000000	96.942308 
3244.000000	96.949779 
3243.000000	96.951958 
3242.000000	96.951768 
3241.000000	96.953206 
3240.000000	96.955910 
3239.000000	96.955465 
3238.000000	96.948886 
3237.000000	96.938477 
3236.000000	96.930015 
3235.000000	96.928068 
3234.000000	96.933299 
3233.000000	96.943102 
3232.000000	96.953784 
3231.000000	96.962472 
3230.000000	96.968330 
3229.000000	96.973012 
3228.000000	96.979901 
3227.000000	96.991689 
3226.000000	97.007273 
3225.000000	97.020868 
3224.000000	97.025643 
3223.000000	97.019833 
3222.000000	97.009411 
3221.000000	97.003628 
3220.000000	97.007098 
3219.000000	97.016239 
3218.000000	97.023517 
3217.000000	97.024826 
3216.000000	97.022788 
3215.000000	97.023619 
3214.000000	97.031274 
3213.000000	97.044233 
3212.000000	97.057211 
3211.000000	97.065521 
3210.000000	97.068103 
3209.000000	97.067230 
3208.000000	97.066010 
3207.000000	97.066111 
3206.000000	97.067033 
3205.000000	97.066869 
3204.000000	97.064035 
3203.000000	97.059147 
3202.000000	97.055596 
3201.000000	97.057842 
3200.000000	97.068383 
3199.000000	97.085734 
3198.000000	97.104816 
3197.000000	97.119426 
3196.000000	97.125429 
3195.000000	97.123147 
3194.000000	97.117360 
3193.000000	97.114304 
3192.000000	97.117405 
3191.000000	97.125193 
3190.000000	97.133353 
3189.000000	97.138977 
3188.000000	97.142957 
3187.000000	97.148658 
3186.000000	97.158660 
3185.000000	97.172471 
3184.000000	97.186349 
3183.000000	97.194693 
3182.000000	97.192570 
3181.000000	97.179189 
3180.000000	97.160332 
3179.000000	97.146214 
3178.000000	97.144475 
3177.000000	97.154214 
3176.000000	97.167822 
3175.000000	97.179133 
3174.000000	97.188625 
3173.000000	97.199977 
3172.000000	97.213172 
3171.000000	97.223209 
3170.000000	97.225653 
3169.000000	97.221488 
3168.000000	97.215728 
3167.000000	97.212761 
3166.000000	97.214217 
3165.000000	97.219994 
3164.000000	97.229102 
3163.000000	97.239237 
3162.000000	97.247233 
3161.000000	97.251249 
3160.000000	97.252398 
3159.000000	97.253683 
3158.000000	97.257382 
3157.000000	97.263540 
3156.000000	97.270541 
3155.000000	97.276648 
3154.000000	97.280998 
3153.000000	97.283604 
3152.000000	97.284899 
3151.000000	97.285577 
3150.000000	97.286690 
3149.000000	97.289409 
3148.000000	97.294538 
3147.000000	97.302750 
3146.000000	97.315343 
3145.000000	97.333490 
3144.000000	97.355402 
3143.000000	97.374873 
3142.000000	97.384779 
3141.000000	97.383003 
3140.000000	97.374039 
3139.000000	97.364457 
3138.000000	97.357965 
3137.000000	97.355117 
3136.000000	97.355548 
3135.000000	97.358417 
3134.000000	97.361961 
3133.000000	97.365569 
3132.000000	97.372325 
3131.000000	97.386621 
3130.000000	97.407775 
3129.000000	97.427843 
3128.000000	97.437731 
3127.000000	97.435229 
3126.000000	97.426107 
3125.000000	97.418100 
3124.000000	97.414877 
3123.000000	97.415032 
3122.000000	97.415229 
3121.000000	97.414164 
3120.000000	97.414470 
3119.000000	97.421012 
3118.000000	97.436442 
3117.000000	97.457878 
3116.000000	97.478170 
3115.000000	97.490545 
3114.000000	97.492263 
3113.000000	97.485209 
3112.000000	97.474651 
3111.000000	97.467219 
3110.000000	97.467810 
3109.000000	97.476446 
3108.000000	97.488207 
3107.000000	97.497383 
3106.000000	97.502676 
3105.000000	97.508582 
3104.000000	97.521202 
3103.000000	97.541703 
3102.000000	97.563406 
3101.000000	97.576107 
3100.000000	97.574420 
3099.000000	97.561826 
3098.000000	97.546252 
3097.000000	97.532721 
3096.000000	97.521466 
3095.000000	97.512426 
3094.000000	97.508860 
3093.000000	97.514846 
3092.000000	97.530225 
3091.000000	97.549625 
3090.000000	97.566629 
3089.000000	97.578198 
3088.000000	97.585024 
3087.000000	97.588622 
3086.000000	97.589111 
3085.000000	97.586078 
3084.000000	97.580944 
3083.000000	97.577238 
3082.000000	97.577853 
3081.000000	97.582659 
3080.000000	97.589797 
3079.000000	97.598822 
3078.000000	97.610913 
3077.000000	97.625716 
3076.000000	97.639819 
3075.000000	97.649624 
3074.000000	97.654640 
3073.000000	97.656753 
3072.000000	97.657269 
3071.000000	97.656391 
3070.000000	97.655085 
3069.000000	97.655203 
3068.000000	97.656900 
3067.000000	97.657471 
3066.000000	97.654217 
3065.000000	97.648201 
3064.000000	97.644260 
3063.000000	97.647138 
3062.000000	97.657744 
3061.000000	97.672795 
3060.000000	97.687560 
3059.000000	97.699117 
3058.000000	97.707370 
3057.000000	97.713292 
3056.000000	97.716527 
3055.000000	97.714978 
3054.000000	97.706674 
3053.000000	97.692001 
3052.000000	97.674844 
3051.000000	97.662039 
3050.000000	97.660641 
3049.000000	97.673534 
3048.000000	97.696488 
3047.000000	97.720359 
3046.000000	97.737252 
3045.000000	97.744858 
3044.000000	97.745395 
3043.000000	97.741613 
3042.000000	97.734722 
3041.000000	97.725418 
3040.000000	97.715537 
3039.000000	97.708194 
3038.000000	97.706542 
3037.000000	97.712153 
3036.000000	97.724016 
3035.000000	97.738998 
3034.000000	97.753652 
3033.000000	97.765659 
3032.000000	97.773400 
3031.000000	97.774691 
3030.000000	97.767136 
3029.000000	97.750508 
3028.000000	97.728653 
3027.000000	97.708445 
3026.000000	97.696157 
3025.000000	97.694135 
3024.000000	97.700413 
3023.000000	97.711044 
3022.000000	97.722641 
3021.000000	97.733062 
3020.000000	97.740656 
3019.000000	97.743801 
3018.000000	97.741492 
3017.000000	97.734293 
3016.000000	97.724601 
3015.000000	97.715640 
3014.000000	97.709449 
3013.000000	97.705242 
3012.000000	97.700236 
3011.000000	97.692881 
3010.000000	97.684998 
3009.000000	97.679684 
3008.000000	97.677239 
3007.000000	97.674330 
3006.000000	97.667686 
3005.000000	97.657618 
3004.000000	97.647254 
3003.000000	97.639174 
3002.000000	97.633791 
3001.000000	97.630280 
3000.000000	97.627649 
2999.000000	97.624965 
2998.000000	97.621868 
2997.000000	97.619201 
2996.000000	97.617888 
2995.000000	97.616361 
2994.000000	97.609952 
2993.000000	97.594482 
2992.000000	97.571134 
2991.000000	97.547143 
2990.000000	97.530853 
2989.000000	97.525608 
2988.000000	97.528350 
2987.000000	97.533587 
2986.000000	97.537703 
2985.000000	97.539238 
2984.000000	97.536721 
2983.000000	97.528808 
2982.000000	97.517086 
2981.000000	97.506948 
2980.000000	97.503845 
2979.000000	97.508643 
2978.000000	97.517151 
2977.000000	97.523570 
2976.000000	97.523852 
2975.000000	97.517204 
2974.000000	97.506683 
2973.000000	97.498529 
2972.000000	97.498589 
2971.000000	97.507830 
2970.000000	97.522139 
2969.000000	97.537710 
2968.000000	97.555757 
2967.000000	97.580388 
2966.000000	97.611896 
2965.000000	97.644011 
2964.000000	97.668517 
2963.000000	97.681355 
2962.000000	97.683471 
2961.000000	97.677579 
2960.000000	97.666887 
2959.000000	97.656778 
2958.000000	97.654363 
2957.000000	97.663617 
2956.000000	97.681693 
2955.000000	97.702108 
2954.000000	97.721370 
2953.000000	97.740341 
2952.000000	97.758904 
2951.000000	97.772083 
2950.000000	97.773781 
2949.000000	97.763794 
2948.000000	97.749128 
2947.000000	97.738232 
2946.000000	97.734773 
2945.000000	97.737008 
2944.000000	97.741482 
2943.000000	97.746250 
2942.000000	97.750984 
2941.000000	97.755128 
2940.000000	97.756806 
2939.000000	97.753884 
2938.000000	97.746124 
2937.000000	97.735935 
2936.000000	97.726716 
2935.000000	97.720588 
2934.000000	97.717724 
2933.000000	97.717241 
2932.000000	97.718175 
2931.000000	97.720165 
2930.000000	97.723984 
2929.000000	97.731123 
2928.000000	97.741804 
2927.000000	97.753441 
2926.000000	97.762182 
2925.000000	97.766520 
2924.000000	97.768623 
2923.000000	97.771595 
2922.000000	97.776148 
2921.000000	97.780789 
2920.000000	97.784881 
2919.000000	97.790269 
2918.000000	97.799238 
2917.000000	97.811190 
2916.000000	97.822032 
2915.000000	97.827162 
2914.000000	97.825064 
2913.000000	97.818006 
2912.000000	97.809926 
2911.000000	97.804049 
2910.000000	97.801737 
2909.000000	97.802026 
2908.000000	97.801890 
2907.000000	97.798501 
2906.000000	97.792529 
2905.000000	97.788386 
2904.000000	97.789696 
2903.000000	97.794879 
2902.000000	97.798850 
2901.000000	97.799263 
2900.000000	97.799181 
2899.000000	97.802821 
2898.000000	97.810248 
2897.000000	97.817954 
2896.000000	97.823997 
2895.000000	97.830430 
2894.000000	97.840184 
2893.000000	97.853075 
2892.000000	97.866160 
2891.000000	97.877064 
2890.000000	97.885132 
2889.000000	97.889184 
2888.000000	97.886286 
2887.000000	97.874943 
2886.000000	97.859343 
2885.000000	97.848509 
2884.000000	97.849855 
2883.000000	97.863662 
2882.000000	97.883893 
2881.000000	97.903562 
2880.000000	97.918796 
2879.000000	97.929290 
2878.000000	97.936614 
2877.000000	97.942320 
2876.000000	97.946567 
2875.000000	97.948291 
2874.000000	97.947298 
2873.000000	97.946014 
2872.000000	97.948284 
2871.000000	97.956157 
2870.000000	97.968366 
2869.000000	97.981710 
2868.000000	97.993266 
2867.000000	98.001563 
2866.000000	98.006915 
2865.000000	98.010947 
2864.000000	98.015131 
2863.000000	98.019701 
2862.000000	98.024641 
2861.000000	98.031176 
2860.000000	98.040646 
2859.000000	98.051937 
2858.000000	98.062055 
2857.000000	98.069946 
2856.000000	98.077837 
2855.000000	98.087521 
2854.000000	98.097106 
2853.000000	98.103518 
2852.000000	98.107333 
2851.000000	98.112870 
2850.000000	98.123188 
2849.000000	98.136407 
2848.000000	98.147449 
2847.000000	98.152590 
2846.000000	98.152457 
2845.000000	98.151664 
2844.000000	98.155698 
2843.000000	98.166778 
2842.000000	98.181669 
2841.000000	98.193888 
2840.000000	98.198831 
2839.000000	98.197207 
2838.000000	98.193803 
2837.000000	98.193206 
2836.000000	98.196455 
2835.000000	98.201108 
2834.000000	98.204315 
2833.000000	98.206049 
2832.000000	98.209314 
2831.000000	98.216828 
2830.000000	98.227425 
2829.000000	98.236080 
2828.000000	98.237719 
2827.000000	98.231446 
2826.000000	98.221966 
2825.000000	98.217285 
2824.000000	98.223846 
2823.000000	98.241680 
2822.000000	98.263613 
2821.000000	98.280038 
2820.000000	98.285549 
2819.000000	98.281263 
2818.000000	98.271716 
2817.000000	98.261097 
2816.000000	98.252529 
2815.000000	98.248506 
2814.000000	98.249734 
2813.000000	98.253905 
2812.000000	98.257564 
2811.000000	98.259665 
2810.000000	98.262345 
2809.000000	98.267954 
2808.000000	98.276361 
2807.000000	98.285323 
2806.000000	98.292189 
2805.000000	98.294685 
2804.000000	98.291813 
2803.000000	98.285885 
2802.000000	98.283030 
2801.000000	98.289133 
2800.000000	98.304013 
2799.000000	98.320408 
2798.000000	98.329753 
2797.000000	98.328806 
2796.000000	98.320693 
2795.000000	98.310555 
2794.000000	98.301391 
2793.000000	98.293742 
2792.000000	98.288135 
2791.000000	98.287126 
2790.000000	98.294611 
2789.000000	98.312352 
2788.000000	98.336361 
2787.000000	98.357418 
2786.000000	98.366970 
2785.000000	98.363523 
2784.000000	98.352967 
2783.000000	98.342404 
2782.000000	98.334429 
2781.000000	98.327711 
2780.000000	98.321731 
2779.000000	98.319141 
2778.000000	98.323120 
2777.000000	98.333650 
2776.000000	98.347104 
2775.000000	98.358964 
2774.000000	98.366211 
2773.000000	98.367745 
2772.000000	98.363946 
2771.000000	98.356476 
2770.000000	98.347770 
2769.000000	98.339880 
2768.000000	98.334228 
2767.000000	98.333036 
2766.000000	98.339973 
2765.000000	98.357080 
2764.000000	98.380361 
2763.000000	98.400116 
2762.000000	98.407864 
2761.000000	98.402865 
2760.000000	98.391031 
2759.000000	98.378087 
2758.000000	98.365734 
2757.000000	98.354521 
2756.000000	98.347586 
2755.000000	98.349030 
2754.000000	98.359157 
2753.000000	98.373549 
2752.000000	98.387404 
2751.000000	98.399261 
2750.000000	98.409414 
2749.000000	98.416301 
2748.000000	98.416826 
2747.000000	98.410451 
2746.000000	98.400869 
2745.000000	98.392491 
2744.000000	98.386685 
2743.000000	98.383047 
2742.000000	98.382886 
2741.000000	98.388579 
2740.000000	98.399326 
2739.000000	98.410324 
2738.000000	98.417377 
2737.000000	98.420295 
2736.000000	98.420507 
2735.000000	98.417807 
2734.000000	98.412106 
2733.000000	98.406738 
2732.000000	98.406501 
2731.000000	98.412279 
2730.000000	98.420215 
2729.000000	98.426350 
2728.000000	98.429607 
2727.000000	98.429825 
2726.000000	98.426071 
2725.000000	98.418807 
2724.000000	98.411837 
2723.000000	98.409968 
2722.000000	98.415492 
2721.000000	98.427687 
2720.000000	98.443991 
2719.000000	98.459914 
2718.000000	98.469383 
2717.000000	98.468030 
2716.000000	98.456633 
2715.000000	98.440161 
2714.000000	98.423699 
2713.000000	98.410381 
2712.000000	98.402432 
2711.000000	98.402201 
2710.000000	98.411486 
2709.000000	98.430325 
2708.000000	98.455898 
2707.000000	98.481651 
2706.000000	98.498682 
2705.000000	98.500713 
2704.000000	98.488827 
2703.000000	98.470225 
2702.000000	98.451924 
2701.000000	98.436445 
2700.000000	98.423608 
2699.000000	98.414622 
2698.000000	98.413037 
2697.000000	98.422054 
2696.000000	98.441380 
2695.000000	98.466070 
2694.000000	98.488306 
2693.000000	98.501643 
2692.000000	98.504997 
2691.000000	98.502152 
2690.000000	98.496639 
2689.000000	98.487635 
2688.000000	98.472297 
2687.000000	98.452173 
2686.000000	98.435833 
2685.000000	98.433603 
2684.000000	98.449183 
2683.000000	98.476334 
2682.000000	98.503621 
2681.000000	98.522154 
2680.000000	98.529126 
2679.000000	98.525469 
2678.000000	98.512140 
2677.000000	98.490035 
2676.000000	98.462822 
2675.000000	98.437825 
2674.000000	98.422697 
2673.000000	98.421183 
2672.000000	98.432376 
2671.000000	98.453345 
2670.000000	98.480971 
2669.000000	98.510938 
2668.000000	98.536754 
2667.000000	98.552025 
2666.000000	98.554341 
2665.000000	98.546254 
2664.000000	98.532329 
2663.000000	98.516322 
2662.000000	98.501269 
2661.000000	98.490182 
2660.000000	98.484582 
2659.000000	98.483098 
2658.000000	98.483670 
2657.000000	98.487105 
2656.000000	98.496246 
2655.000000	98.511073 
2654.000000	98.526809 
2653.000000	98.538347 
2652.000000	98.545054 
2651.000000	98.549551 
2650.000000	98.553013 
2649.000000	98.553732 
2648.000000	98.549472 
2647.000000	98.538887 
2646.000000	98.520987 
2645.000000	98.496277 
2644.000000	98.469865 
2643.000000	98.451468 
2642.000000	98.449857 
2641.000000	98.466620 
2640.000000	98.495610 
2639.000000	98.528162 
2638.000000	98.558479 
2637.000000	98.584385 
2636.000000	98.603362 
2635.000000	98.608572 
2634.000000	98.590740 
2633.000000	98.546600 
2632.000000	98.486225 
2631.000000	98.430233 
2630.000000	98.398292 
2629.000000	98.400049 
2628.000000	98.435252 
2627.000000	98.497756 
2626.000000	98.575675 
2625.000000	98.649843 
2624.000000	98.698210 
2623.000000	98.705516 
2622.000000	98.669408 
2621.000000	98.599067 
2620.000000	98.511448 
2619.000000	98.428864 
2618.000000	98.374366 
2617.000000	98.362775 
2616.000000	98.393956 
2615.000000	98.455604 
2614.000000	98.531838 
2613.000000	98.607806 
2612.000000	98.668322 
2611.000000	98.697791 
2610.000000	98.686006 
2609.000000	98.635119 
2608.000000	98.560599 
2607.000000	98.485030 
2606.000000	98.429160 
2605.000000	98.405144 
2604.000000	98.414956 
2603.000000	98.453643 
2602.000000	98.512899 
2601.000000	98.580714 
2600.000000	98.640021 
2599.000000	98.673380 
2598.000000	98.673240 
2597.000000	98.647160 
2596.000000	98.610687 
2595.000000	98.575166 
2594.000000	98.543473 
2593.000000	98.515641 
2592.000000	98.494724 
2591.000000	98.485982 
2590.000000	98.492516 
2589.000000	98.513106 
2588.000000	98.543041 
2587.000000	98.575825 
2586.000000	98.604901 
2585.000000	98.625213 
2584.000000	98.633679 
2583.000000	98.628724 
2582.000000	98.610582 
2581.000000	98.582456 
2580.000000	98.550227 
2579.000000	98.520038 
2578.000000	98.496424 
2577.000000	98.482782 
2576.000000	98.482298 
2575.000000	98.497038 
2574.000000	98.525969 
2573.000000	98.564082 
2572.000000	98.603383 
2571.000000	98.635280 
2570.000000	98.653565 
2569.000000	98.656193 
2568.000000	98.644014 
2567.000000	98.618013 
2566.000000	98.579483 
2565.000000	98.533756 
2564.000000	98.491900 
2563.000000	98.466210 
2562.000000	98.463569 
2561.000000	98.483632 
2560.000000	98.521936 
2559.000000	98.572054 
2558.000000	98.624427 
2557.000000	98.666417 
2556.000000	98.687000 
2555.000000	98.682153 
2554.000000	98.655099 
2553.000000	98.612197 
2552.000000	98.560347 
2551.000000	98.508339 
2550.000000	98.468174 
2549.000000	98.451888 
2548.000000	98.465360 
2547.000000	98.504738 
2546.000000	98.558516 
2545.000000	98.612874 
2544.000000	98.656171 
2543.000000	98.680833 
2542.000000	98.683559 
2541.000000	98.665245 
2540.000000	98.630927 
2539.000000	98.588985 
2538.000000	98.548965 
2537.000000	98.518491 
2536.000000	98.501397 
2535.000000	98.498796 
2534.000000	98.511473 
2533.000000	98.539823 
2532.000000	98.580806 
2531.000000	98.626207 
2530.000000	98.665438 
2529.000000	98.690170 
2528.000000	98.695863 
2527.000000	98.680154 
2526.000000	98.642672 
2525.000000	98.588063 
2524.000000	98.528285 
2523.000000	98.480051 
2522.000000	98.458406 
2521.000000	98.470707 
2520.000000	98.514064 
2519.000000	98.576596 
2518.000000	98.641184 
2517.000000	98.690305 
2516.000000	98.711131 
2515.000000	98.699763 
2514.000000	98.662604 
2513.000000	98.613277 
2512.000000	98.566508 
2511.000000	98.533114 
2510.000000	98.518437 
2509.000000	98.522450 
2508.000000	98.540053 
2507.000000	98.563634 
2506.000000	98.588388 
2505.000000	98.615026 
2504.000000	98.645196 
2503.000000	98.674535 
2502.000000	98.692942 
2501.000000	98.692814 
2500.000000	98.675507 
2499.000000	98.649106 
2498.000000	98.621525 
2497.000000	98.596561 
2496.000000	98.574605 
2495.000000	98.555454 
2494.000000	98.541136 
2493.000000	98.536750 
2492.000000	98.547369 
2491.000000	98.573104 
2490.000000	98.607793 
2489.000000	98.642760 
2488.000000	98.670513 
2487.000000	98.684862 
2486.000000	98.680835 
2485.000000	98.657638 
2484.000000	98.620931 
2483.000000	98.580076 
2482.000000	98.543520 
2481.000000	98.517840 
2480.000000	98.509139 
2479.000000	98.521816 
2478.000000	98.555207 
2477.000000	98.602744 
2476.000000	98.654236 
2475.000000	98.697869 
2474.000000	98.721922 
2473.000000	98.719098 
2472.000000	98.691326 
2471.000000	98.648735 
2470.000000	98.602962 
2469.000000	98.562530 
2468.000000	98.534259 
2467.000000	98.525313 
2466.000000	98.540370 
2465.000000	98.576824 
2464.000000	98.624430 
2463.000000	98.669872 
2462.000000	98.701740 
2461.000000	98.713459 
2460.000000	98.704506 
2459.000000	98.679556 
2458.000000	98.645295 
2457.000000	98.607616 
2456.000000	98.572039 
2455.000000	98.545545 
2454.000000	98.535444 
2453.000000	98.545221 
2452.000000	98.572109 
2451.000000	98.608893 
2450.000000	98.646945 
2449.000000	98.677496 
2448.000000	98.692966 
2447.000000	98.690345 
2446.000000	98.673525 
2445.000000	98.650382 
2444.000000	98.626842 
2443.000000	98.604836 
2442.000000	98.585831 
2441.000000	98.573710 
2440.000000	98.572427 
2439.000000	98.582284 
2438.000000	98.600354 
2437.000000	98.623492 
2436.000000	98.648532 
2435.000000	98.670115 
2434.000000	98.681489 
2433.000000	98.679069 
2432.000000	98.664994 
2431.000000	98.644473 
2430.000000	98.622226 
2429.000000	98.602278 
2428.000000	98.588774 
2427.000000	98.584196 
2426.000000	98.587178 
2425.000000	98.594294 
2424.000000	98.604229 
2423.000000	98.618487 
2422.000000	98.637357 
2421.000000	98.656625 
2420.000000	98.669548 
2419.000000	98.671847 
2418.000000	98.664454 
2417.000000	98.651914 
2416.000000	98.638699 
2415.000000	98.626629 
2414.000000	98.615150 
2413.000000	98.603823 
2412.000000	98.594549 
2411.000000	98.591152 
2410.000000	98.596558 
2409.000000	98.610505 
2408.000000	98.630070 
2407.000000	98.651819 
2406.000000	98.672484 
2405.000000	98.687790 
2404.000000	98.692518 
2403.000000	98.683827 
2402.000000	98.664775 
2401.000000	98.643194 
2400.000000	98.626019 
2399.000000	98.614941 
2398.000000	98.607863 
2397.000000	98.603760 
2396.000000	98.605118 
2395.000000	98.615687 
2394.000000	98.636260 
2393.000000	98.662270 
2392.000000	98.685198 
2391.000000	98.697140 
2390.000000	98.695214 
2389.000000	98.682021 
2388.000000	98.662229 
2387.000000	98.639686 
2386.000000	98.617863 
2385.000000	98.600958 
2384.000000	98.592421 
2383.000000	98.592897 
2382.000000	98.601212 
2381.000000	98.616762 
2380.000000	98.638886 
2379.000000	98.663969 
2378.000000	98.685490 
2377.000000	98.698264 
2376.000000	98.701697 
2375.000000	98.698568 
2374.000000	98.692067 
2373.000000	98.683882 
2372.000000	98.673703 
2371.000000	98.660599 
2370.000000	98.647216 
2369.000000	98.641878 
2368.000000	98.652528 
2367.000000	98.677367 
2366.000000	98.704837 
2365.000000	98.723371 
2364.000000	98.728017 
2363.000000	98.717969 
2362.000000	98.695501 
2361.000000	98.668876 
2360.000000	98.648375 
2359.000000	98.638590 
2358.000000	98.637696 
2357.000000	98.644879 
2356.000000	98.663369 
2355.000000	98.691061 
2354.000000	98.718633 
2353.000000	98.734965 
2352.000000	98.734600 
2351.000000	98.718466 
2350.000000	98.691245 
2349.000000	98.662981 
2348.000000	98.645561 
2347.000000	98.647304 
2346.000000	98.666259 
2345.000000	98.688682 
2344.000000	98.701185 
2343.000000	98.698381 
2342.000000	98.686651 
2341.000000	98.675789 
2340.000000	98.673019 
2339.000000	98.679595 
2338.000000	98.690467 
2337.000000	98.700781 
2336.000000	98.708327 
2335.000000	98.713683 
2334.000000	98.715184 
2333.000000	98.712172 
2332.000000	98.704153 
2331.000000	98.692303 
2330.000000	98.673058 
2329.000000	98.648244 
2328.000000	98.625458 
2327.000000	98.616622 
2326.000000	98.623495 
2325.000000	98.637354 
2324.000000	98.650051 
2323.000000	98.661699 
2322.000000	98.677002 
2321.000000	98.695793 
2320.000000	98.711994 
2319.000000	98.719268 
2318.000000	98.712540 
2317.000000	98.691680 
2316.000000	98.660902 
2315.000000	98.631575 
2314.000000	98.613428 
2313.000000	98.611461 
2312.000000	98.621539 
2311.000000	98.637757 
2310.000000	98.653912 
2309.000000	98.668042 
2308.000000	98.679320 
2307.000000	98.687778 
2306.000000	98.690492 
2305.000000	98.684902 
2304.000000	98.671160 
2303.000000	98.654427 
2302.000000	98.639791 
2301.000000	98.630683 
2300.000000	98.628294 
2299.000000	98.634177 
2298.000000	98.646918 
2297.000000	98.661871 
2296.000000	98.673151 
2295.000000	98.679379 
2294.000000	98.682711 
2293.000000	98.684824 
2292.000000	98.683940 
2291.000000	98.677748 
2290.000000	98.667156 
2289.000000	98.656501 
2288.000000	98.650306 
2287.000000	98.650097 
2286.000000	98.654541 
2285.000000	98.661472 
2284.000000	98.669580 
2283.000000	98.677471 
2282.000000	98.682807 
2281.000000	98.683679 
2280.000000	98.681347 
2279.000000	98.679569 
2278.000000	98.680342 
2277.000000	98.681330 
2276.000000	98.678654 
2275.000000	98.671685 
2274.000000	98.663637 
2273.000000	98.658317 
2272.000000	98.657270 
2271.000000	98.659881 
2270.000000	98.664236 
2269.000000	98.667745 
2268.000000	98.668709 
2267.000000	98.668625 
2266.000000	98.671782 
2265.000000	98.680811 
2264.000000	98.692359 
2263.000000	98.698721 
2262.000000	98.694978 
2261.000000	98.684285 
2260.000000	98.675349 
2259.000000	98.674317 
2258.000000	98.679921 
2257.000000	98.686225 
2256.000000	98.688915 
2255.000000	98.687970 
2254.000000	98.685582 
2253.000000	98.683970 
2252.000000	98.685162 
2251.000000	98.690361 
2250.000000	98.697225 
2249.000000	98.699247 
2248.000000	98.690605 
2247.000000	98.672660 
2246.000000	98.654157 
2245.000000	98.643972 
2244.000000	98.643964 
2243.000000	98.649355 
2242.000000	98.655022 
2241.000000	98.660261 
2240.000000	98.667815 
2239.000000	98.679614 
2238.000000	98.693922 
2237.000000	98.705820 
2236.000000	98.710123 
2235.000000	98.704689 
2234.000000	98.692009 
2233.000000	98.677810 
2232.000000	98.667568 
2231.000000	98.663762 
2230.000000	98.665707 
2229.000000	98.671251 
2228.000000	98.678509 
2227.000000	98.686710 
2226.000000	98.695762 
2225.000000	98.704756 
2224.000000	98.711095 
2223.000000	98.712038 
2222.000000	98.707272 
2221.000000	98.698901 
2220.000000	98.688701 
2219.000000	98.677181 
2218.000000	98.666318 
2217.000000	98.660936 
2216.000000	98.664674 
2215.000000	98.675406 
2214.000000	98.687252 
2213.000000	98.696872 
2212.000000	98.705348 
2211.000000	98.714014 
2210.000000	98.721345 
2209.000000	98.724706 
2208.000000	98.722606 
2207.000000	98.714402 
2206.000000	98.700737 
2205.000000	98.686023 
2204.000000	98.677712 
2203.000000	98.680107 
2202.000000	98.689783 
2201.000000	98.699128 
2200.000000	98.703692 
2199.000000	98.704661 
2198.000000	98.705528 
2197.000000	98.708625 
2196.000000	98.714109 
2195.000000	98.719859 
2194.000000	98.722129 
2193.000000	98.718010 
2192.000000	98.707929 
2191.000000	98.695417 
2190.000000	98.684854 
2189.000000	98.679445 
2188.000000	98.679602 
2187.000000	98.682284 
2186.000000	98.683702 
2185.000000	98.684270 
2184.000000	98.689005 
2183.000000	98.700766 
2182.000000	98.714805 
2181.000000	98.723062 
2180.000000	98.722902 
2179.000000	98.718336 
2178.000000	98.713148 
2177.000000	98.706822 
2176.000000	98.698069 
2175.000000	98.688628 
2174.000000	98.681237 
2173.000000	98.676017 
2172.000000	98.671480 
2171.000000	98.668520 
2170.000000	98.671413 
2169.000000	98.684040 
2168.000000	98.704967 
2167.000000	98.726179 
2166.000000	98.737700 
2165.000000	98.735248 
2164.000000	98.723670 
2163.000000	98.711813 
2162.000000	98.704338 
2161.000000	98.699822 
2160.000000	98.695887 
2159.000000	98.693237 
2158.000000	98.694066 
2157.000000	98.699183 
2156.000000	98.708249 
2155.000000	98.720655 
2154.000000	98.733879 
2153.000000	98.742180 
2152.000000	98.739690 
2151.000000	98.725624 
2150.000000	98.705777 
2149.000000	98.688667 
2148.000000	98.679941 
2147.000000	98.679374 
2146.000000	98.682269 
2145.000000	98.684155 
2144.000000	98.685035 
2143.000000	98.689098 
2142.000000	98.699905 
2141.000000	98.715913 
2140.000000	98.730783 
2139.000000	98.737895 
2138.000000	98.734921 
2137.000000	98.725124 
2136.000000	98.714747 
2135.000000	98.708325 
2134.000000	98.705753 
2133.000000	98.703870 
2132.000000	98.700795 
2131.000000	98.698105 
2130.000000	98.698633 
2129.000000	98.703098 
2128.000000	98.709627 
2127.000000	98.715916 
2126.000000	98.720614 
2125.000000	98.722585 
2124.000000	98.720347 
2123.000000	98.713809 
2122.000000	98.706303 
2121.000000	98.702878 
2120.000000	98.705013 
2119.000000	98.708035 
2118.000000	98.706010 
2117.000000	98.699273 
2116.000000	98.694955 
2115.000000	98.699204 
2114.000000	98.710875 
2113.000000	98.723949 
2112.000000	98.733710 
2111.000000	98.738318 
2110.000000	98.736699 
2109.000000	98.729154 
2108.000000	98.719967 
2107.000000	98.715365 
2106.000000	98.716920 
2105.000000	98.719091 
2104.000000	98.715318 
2103.000000	98.705680 
2102.000000	98.697124 
2101.000000	98.696690 
2100.000000	98.705490 
2099.000000	98.718684 
2098.000000	98.729856 
2097.000000	98.735160 
2096.000000	98.734412 
2095.000000	98.729659 
2094.000000	98.723480 
2093.000000	98.717964 
2092.000000	98.713676 
2091.000000	98.709053 
2090.000000	98.702065 
2089.000000	98.693490 
2088.000000	98.687606 
2087.000000	98.688526 
2086.000000	98.696499 
2085.000000	98.708526 
2084.000000	98.721462 
2083.000000	98.733166 
2082.000000	98.741689 
2081.000000	98.745457 
2080.000000	98.744246 
2079.000000	98.738632 
2078.000000	98.729025 
2077.000000	98.716820 
2076.000000	98.705862 
2075.000000	98.700649 
2074.000000	98.702747 
2073.000000	98.710071 
2072.000000	98.719254 
2071.000000	98.727384 
2070.000000	98.732188 
2069.000000	98.732890 
2068.000000	98.731138 
2067.000000	98.729210 
2066.000000	98.727104 
2065.000000	98.723104 
2064.000000	98.717341 
2063.000000	98.712758 
2062.000000	98.712056 
2061.000000	98.715430 
2060.000000	98.721636 
2059.000000	98.729408 
2058.000000	98.737028 
2057.000000	98.742117 
2056.000000	98.743093 
2055.000000	98.740334 
2054.000000	98.735558 
2053.000000	98.730628 
2052.000000	98.726516 
2051.000000	98.722342 
2050.000000	98.715977 
2049.000000	98.707129 
2048.000000	98.699430 
2047.000000	98.697607 
2046.000000	98.702668 
2045.000000	98.711475 
2044.000000	98.720491 
2043.000000	98.727555 
2042.000000	98.730461 
2041.000000	98.727437 
2040.000000	98.720235 
2039.000000	98.713787 
2038.000000	98.711134 
2037.000000	98.710619 
2036.000000	98.709202 
2035.000000	98.706460 
2034.000000	98.704008 
2033.000000	98.703009 
2032.000000	98.703768 
2031.000000	98.706025 
2030.000000	98.708150 
2029.000000	98.707838 
2028.000000	98.705143 
2027.000000	98.703123 
2026.000000	98.703713 
2025.000000	98.704665 
2024.000000	98.702382 
2023.000000	98.696331 
2022.000000	98.688780 
2021.000000	98.681783 
2020.000000	98.676706 
2019.000000	98.675356 
2018.000000	98.678640 
2017.000000	98.684426 
2016.000000	98.689240 
2015.000000	98.692071 
2014.000000	98.694426 
2013.000000	98.697198 
2012.000000	98.699720 
2011.000000	98.701394 
2010.000000	98.701785 
2009.000000	98.699155 
2008.000000	98.691581 
2007.000000	98.680297 
2006.000000	98.669656 
2005.000000	98.662893 
2004.000000	98.659662 
2003.000000	98.658778 
2002.000000	98.661222 
2001.000000	98.668257 
2000.000000	98.677780 
1999.000000	98.684802 
1998.000000	98.686061 
1997.000000	98.682632 
1996.000000	98.677525 
1995.000000	98.672046 
1994.000000	98.665546 
1993.000000	98.658057 
1992.000000	98.652052 
1991.000000	98.651074 
1990.000000	98.656804 
1989.000000	98.667632 
1988.000000	98.679669 
1987.000000	98.689261 
1986.000000	98.695328 
1985.000000	98.699311 
1984.000000	98.702177 
1983.000000	98.701778 
1982.000000	98.694451 
1981.000000	98.679945 
1980.000000	98.663994 
1979.000000	98.654681 
1978.000000	98.656156 
1977.000000	98.665751 
1976.000000	98.676618 
1975.000000	98.682969 
1974.000000	98.683970 
1973.000000	98.683725 
1972.000000	98.687131 
1971.000000	98.694851 
1970.000000	98.702374 
1969.000000	98.704330 
1968.000000	98.699310 
1967.000000	98.690434 
1966.000000	98.682185 
1965.000000	98.677704 
1964.000000	98.678283 
1963.000000	98.683147 
1962.000000	98.689213 
1961.000000	98.693044 
1960.000000	98.694170 
1959.000000	98.695490 
1958.000000	98.699552 
1957.000000	98.704899 
1956.000000	98.706640 
1955.000000	98.700529 
1954.000000	98.686847 
1953.000000	98.670870 
1952.000000	98.659331 
1951.000000	98.655937 
1950.000000	98.659645 
1949.000000	98.666858 
1948.000000	98.674284 
1947.000000	98.679316 
1946.000000	98.679997 
1945.000000	98.677093 
1944.000000	98.675292 
1943.000000	98.679525 
1942.000000	98.689333 
1941.000000	98.699166 
1940.000000	98.704463 
1939.000000	98.704423 
1938.000000	98.699536 
1937.000000	98.690331 
1936.000000	98.679299 
1935.000000	98.671110 
1934.000000	98.668912 
1933.000000	98.671558 
1932.000000	98.675645 
1931.000000	98.679417 
1930.000000	98.683196 
1929.000000	98.687315 
1928.000000	98.690903 
1927.000000	98.691958 
1926.000000	98.688605 
1925.000000	98.680663 
1924.000000	98.670695 
1923.000000	98.661998 
1922.000000	98.655256 
1921.000000	98.649124 
1920.000000	98.644313 
1919.000000	98.644294 
1918.000000	98.650733 
1917.000000	98.660295 
1916.000000	98.668600 
1915.000000	98.674413 
1914.000000	98.677768 
1913.000000	98.677156 
1912.000000	98.670835 
1911.000000	98.659422 
1910.000000	98.645269 
1909.000000	98.630407 
1908.000000	98.616280 
1907.000000	98.604229 
1906.000000	98.595332 
1905.000000	98.590066 
1904.000000	98.589488 
1903.000000	98.594865 
1902.000000	98.604426 
1901.000000	98.612256 
1900.000000	98.612732 
1899.000000	98.605495 
1898.000000	98.594801 
1897.000000	98.584499 
1896.000000	98.575324 
1895.000000	98.566414 
1894.000000	98.557730 
1893.000000	98.550879 
1892.000000	98.548448 
1891.000000	98.552309 
1890.000000	98.561199 
1889.000000	98.570238 
1888.000000	98.574815 
1887.000000	98.574122 
1886.000000	98.569790 
1885.000000	98.563052 
1884.000000	98.554144 
1883.000000	98.543401 
1882.000000	98.532359 
1881.000000	98.524541 
1880.000000	98.524158 
1879.000000	98.531842 
1878.000000	98.542046 
1877.000000	98.547028 
1876.000000	98.544566 
1875.000000	98.539581 
1874.000000	98.536944 
1873.000000	98.535939 
1872.000000	98.533998 
1871.000000	98.532466 
1870.000000	98.534784 
1869.000000	98.539863 
1868.000000	98.542266 
1867.000000	98.539993 
1866.000000	98.536171 
1865.000000	98.533696 
1864.000000	98.533108 
1863.000000	98.535056 
1862.000000	98.541478 
1861.000000	98.553341 
1860.000000	98.568802 
1859.000000	98.584166 
1858.000000	98.595472 
1857.000000	98.599799 
1856.000000	98.597545 
1855.000000	98.593436 
1854.000000	98.593056 
1853.000000	98.597698 
1852.000000	98.603649 
1851.000000	98.605958 
1850.000000	98.602827 
1849.000000	98.596491 
1848.000000	98.591719 
1847.000000	98.593525 
1846.000000	98.604620 
1845.000000	98.622733 
1844.000000	98.640553 
1843.000000	98.652401 
1842.000000	98.658563 
1841.000000	98.660506 
1840.000000	98.657315 
1839.000000	98.647870 
1838.000000	98.634161 
1837.000000	98.620849 
1836.000000	98.612263 
1835.000000	98.610287 
1834.000000	98.614769 
1833.000000	98.625350 
1832.000000	98.642133 
1831.000000	98.662941 
1830.000000	98.680109 
1829.000000	98.684360 
1828.000000	98.674368 
1827.000000	98.656967 
1826.000000	98.639021 
1825.000000	98.622276 
1824.000000	98.605503 
1823.000000	98.590475 
1822.000000	98.582524 
1821.000000	98.585441 
1820.000000	98.597850 
1819.000000	98.614979 
1818.000000	98.632212 
1817.000000	98.645200 
1816.000000	98.649843 
1815.000000	98.644952 
1814.000000	98.633663 
1813.000000	98.620928 
1812.000000	98.609272 
1811.000000	98.597787 
1810.000000	98.584903 
1809.000000	98.572220 
1808.000000	98.565494 
1807.000000	98.570434 
1806.000000	98.587021 
1805.000000	98.608342 
1804.000000	98.625743 
1803.000000	98.634813 
1802.000000	98.635448 
1801.000000	98.628533 
1800.000000	98.614716 
1799.000000	98.596697 
1798.000000	98.578787 
1797.000000	98.564038 
1796.000000	98.553497 
1795.000000	98.548246 
1794.000000	98.550719 
1793.000000	98.562131 
1792.000000	98.578128 
1791.000000	98.591946 
1790.000000	98.600979 
1789.000000	98.606289 
1788.000000	98.608825 
1787.000000	98.608325 
1786.000000	98.604118 
1785.000000	98.596232 
1784.000000	98.586132 
1783.000000	98.576003 
1782.000000	98.567394 
1781.000000	98.561559 
1780.000000	98.558921 
1779.000000	98.559858 
1778.000000	98.565006 
1777.000000	98.574184 
1776.000000	98.585585 
1775.000000	98.597099 
1774.000000	98.608395 
1773.000000	98.617972 
1772.000000	98.618842 
1771.000000	98.605648 
1770.000000	98.583051 
1769.000000	98.560708 
1768.000000	98.546658 
1767.000000	98.543861 
1766.000000	98.550460 
1765.000000	98.565046 
1764.000000	98.589478 
1763.000000	98.624549 
1762.000000	98.661911 
1761.000000	98.685860 
1760.000000	98.686881 
1759.000000	98.667901 
1758.000000	98.637109 
1757.000000	98.602311 
1756.000000	98.569198 
1755.000000	98.541095 
1754.000000	98.521441 
1753.000000	98.516626 
1752.000000	98.533474 
1751.000000	98.569814 
1750.000000	98.611247 
1749.000000	98.641340 
1748.000000	98.650780 
1747.000000	98.637994 
1746.000000	98.608976 
1745.000000	98.574646 
1744.000000	98.544176 
1743.000000	98.521315 
1742.000000	98.506848 
1741.000000	98.503613 
1740.000000	98.514438 
1739.000000	98.533651 
1738.000000	98.549159 
1737.000000	98.556517 
1736.000000	98.562182 
1735.000000	98.571720 
1734.000000	98.575059 
1733.000000	98.560975 
1732.000000	98.539334 
1731.000000	98.522785 
1730.000000	98.512464 
1729.000000	98.503015 
1728.000000	98.491610 
1727.000000	98.480661 
1726.000000	98.473812 
1725.000000	98.473065 
1724.000000	98.479217 
1723.000000	98.491965 
1722.000000	98.506500 
1721.000000	98.514366 
1720.000000	98.509711 
1719.000000	98.492897 
1718.000000	98.468698 
1717.000000	98.443123 
1716.000000	98.421896 
1715.000000	98.407489 
1714.000000	98.398283 
1713.000000	98.392005 
1712.000000	98.389577 
1711.000000	98.393704 
1710.000000	98.403315 
1709.000000	98.412270 
1708.000000	98.415622 
1707.000000	98.414271 
1706.000000	98.409983 
1705.000000	98.398718 
1704.000000	98.376399 
1703.000000	98.345641 
1702.000000	98.313682 
1701.000000	98.288297 
1700.000000	98.272133 
1699.000000	98.263861 
1698.000000	98.262072 
1697.000000	98.266503 
1696.000000	98.275662 
1695.000000	98.282727 
1694.000000	98.281968 
1693.000000	98.273554 
1692.000000	98.260440 
1691.000000	98.245885 
1690.000000	98.230459 
1689.000000	98.210836 
1688.000000	98.183293 
1687.000000	98.147756 
1686.000000	98.110989 
1685.000000	98.086037 
1684.000000	98.083378 
1683.000000	98.096572 
1682.000000	98.109821 
1681.000000	98.115344 
1680.000000	98.112296 
1679.000000	98.101387 
1678.000000	98.084185 
1677.000000	98.063077 
1676.000000	98.039816 
1675.000000	98.015396 
1674.000000	97.992398 
1673.000000	97.973971 
1672.000000	97.960549 
1671.000000	97.951527 
1670.000000	97.945681 
1669.000000	97.942759 
1668.000000	97.943834 
1667.000000	97.947413 
1666.000000	97.949440 
1665.000000	97.946507 
1664.000000	97.936636 
1663.000000	97.918776 
1662.000000	97.894575 
1661.000000	97.870614 
1660.000000	97.852867 
1659.000000	97.841798 
1658.000000	97.833228 
1657.000000	97.822140 
1656.000000	97.806961 
1655.000000	97.792342 
1654.000000	97.785973 
1653.000000	97.784440 
1652.000000	97.779844 
1651.000000	97.774227 
1650.000000	97.767211 
1649.000000	97.757711 
1648.000000	97.748468 
1647.000000	97.742644 
1646.000000	97.740204 
1645.000000	97.740219 
1644.000000	97.742462 
1643.000000	97.745268 
1642.000000	97.745023 
1641.000000	97.740237 
1640.000000	97.733795 
1639.000000	97.729868 
1638.000000	97.729914 
1637.000000	97.732165 
1636.000000	97.733462 
1635.000000	97.731524 
1634.000000	97.727682 
1633.000000	97.723329 
1632.000000	97.720525 
1631.000000	97.722697 
1630.000000	97.730965 
1629.000000	97.742152 
1628.000000	97.752776 
1627.000000	97.763361 
1626.000000	97.775948 
1625.000000	97.790036 
1624.000000	97.801775 
1623.000000	97.806828 
1622.000000	97.805157 
1621.000000	97.801723 
1620.000000	97.801305 
1619.000000	97.806709 
1618.000000	97.819005 
1617.000000	97.835312 
1616.000000	97.850575 
1615.000000	97.862854 
1614.000000	97.871730 
1613.000000	97.876682 
1612.000000	97.879956 
1611.000000	97.886637 
1610.000000	97.899990 
1609.000000	97.918273 
1608.000000	97.936955 
1607.000000	97.952932 
1606.000000	97.965460 
1605.000000	97.974753 
1604.000000	97.980201 
1603.000000	97.981420 
1602.000000	97.980543 
1601.000000	97.981804 
1600.000000	97.988915 
1599.000000	98.002939 
1598.000000	98.021827 
1597.000000	98.041275 
1596.000000	98.056671 
1595.000000	98.065504 
1594.000000	98.068847 
1593.000000	98.070550 
1592.000000	98.073947 
1591.000000	98.079019 
1590.000000	98.082966 
1589.000000	98.084240 
1588.000000	98.085578 
1587.000000	98.091921 
1586.000000	98.105247 
1585.000000	98.122591 
1584.000000	98.139450 
1583.000000	98.153029 
1582.000000	98.163356 
1581.000000	98.171587 
1580.000000	98.177964 
1579.000000	98.181378 
1578.000000	98.180758 
1577.000000	98.175080 
1576.000000	98.164674 
1575.000000	98.155365 
1574.000000	98.153408 
1573.000000	98.159382 
1572.000000	98.172729 
1571.000000	98.194408 
1570.000000	98.221357 
1569.000000	98.244530 
1568.000000	98.258216 
1567.000000	98.263454 
1566.000000	98.263237 
1565.000000	98.258627 
1564.000000	98.249276 
1563.000000	98.235398 
1562.000000	98.221076 
1561.000000	98.217581 
1560.000000	98.241524 
1559.000000	98.286102 
1558.000000	98.312988 
1557.000000	98.315854 
1556.000000	98.312196 
1555.000000	98.311310 
1554.000000	98.312941 
1553.000000	98.311858 
1552.000000	98.304133 
1551.000000	98.292327 
1550.000000	98.283935 
1549.000000	98.283559 
1548.000000	98.288814 
1547.000000	98.294251 
1546.000000	98.297106 
1545.000000	98.298486 
1544.000000	98.302691 
1543.000000	98.315210 
1542.000000	98.339087 
1541.000000	98.368122 
1540.000000	98.385484 
1539.000000	98.383301 
1538.000000	98.373518 
1537.000000	98.364373 
1536.000000	98.354747 
1535.000000	98.343890 
1534.000000	98.334169 
1533.000000	98.327905 
1532.000000	98.324781 
1531.000000	98.324061 
1530.000000	98.326574 
1529.000000	98.333605 
1528.000000	98.345938 
1527.000000	98.363601 
1526.000000	98.383938 
1525.000000	98.400275 
1524.000000	98.405354 
1523.000000	98.396671 
1522.000000	98.378480 
1521.000000	98.360672 
1520.000000	98.352059 
1519.000000	98.353896 
1518.000000	98.365556 
1517.000000	98.386898 
1516.000000	98.412124 
1515.000000	98.431625 
1514.000000	98.440509 
1513.000000	98.439279 
1512.000000	98.429292 
1511.000000	98.411726 
1510.000000	98.388011 
1509.000000	98.362584 
1508.000000	98.347696 
1507.000000	98.360021 
1506.000000	98.394912 
1505.000000	98.425728 
1504.000000	98.441025 
1503.000000	98.445917 
1502.000000	98.448047 
1501.000000	98.451304 
1500.000000	98.452649 
1499.000000	98.444450 
1498.000000	98.423257 
1497.000000	98.397093 
1496.000000	98.382543 
1495.000000	98.388732 
1494.000000	98.408063 
1493.000000	98.427787 
1492.000000	98.441380 
1491.000000	98.449763 
1490.000000	98.456201 
1489.000000	98.460860 
1488.000000	98.460707 
1487.000000	98.453656 
1486.000000	98.439688 
1485.000000	98.421517 
1484.000000	98.405311 
1483.000000	98.397372 
1482.000000	98.400012 
1481.000000	98.408104 
1480.000000	98.413416 
1479.000000	98.412918 
1478.000000	98.409989 
1477.000000	98.408455 
1476.000000	98.408157 
1475.000000	98.406626 
1474.000000	98.402292 
1473.000000	98.395137 
1472.000000	98.385136 
1471.000000	98.372920 
1470.000000	98.359294 
1469.000000	98.345403 
1468.000000	98.333863 
1467.000000	98.327855 
1466.000000	98.327369 
1465.000000	98.327200 
1464.000000	98.320974 
1463.000000	98.307818 
1462.000000	98.290992 
1461.000000	98.272686 
1460.000000	98.254506 
1459.000000	98.239799 
1458.000000	98.232596 
1457.000000	98.229716 
1456.000000	98.221921 
1455.000000	98.208304 
1454.000000	98.195158 
1453.000000	98.188458 
1452.000000	98.190419 
1451.000000	98.197352 
1450.000000	98.202092 
1449.000000	98.200319 
1448.000000	98.193777 
1447.000000	98.187475 
1446.000000	98.182891 
1445.000000	98.176782 
1444.000000	98.164812 
1443.000000	98.146831 
1442.000000	98.127988 
1441.000000	98.113794 
1440.000000	98.105367 
1439.000000	98.100838 
1438.000000	98.099648 
1437.000000	98.101240 
1436.000000	98.101828 
1435.000000	98.097632 
1434.000000	98.089054 
1433.000000	98.078641 
1432.000000	98.068673 
1431.000000	98.059340 
1430.000000	98.049160 
1429.000000	98.037656 
1428.000000	98.026750 
1427.000000	98.019088 
1426.000000	98.016276 
1425.000000	98.019277 
1424.000000	98.025854 
1423.000000	98.029837 
1422.000000	98.026745 
1421.000000	98.018613 
1420.000000	98.012310 
1419.000000	98.012201 
1418.000000	98.014807 
1417.000000	98.013470 
1416.000000	98.005726 
1415.000000	97.993699 
1414.000000	97.981161 
1413.000000	97.971793 
1412.000000	97.968521 
1411.000000	97.972146 
1410.000000	97.979566 
1409.000000	97.984908 
1408.000000	97.984250 
1407.000000	97.979378 
1406.000000	97.976631 
1405.000000	97.982236 
1404.000000	97.995855 
1403.000000	98.010085 
1402.000000	98.018476 
1401.000000	98.021948 
1400.000000	98.027077 
1399.000000	98.037767 
1398.000000	98.048897 
1397.000000	98.051630 
1396.000000	98.044131 
1395.000000	98.035232 
1394.000000	98.037323 
1393.000000	98.054018 
1392.000000	98.077587 
1391.000000	98.097944 
1390.000000	98.109670 
1389.000000	98.113297 
1388.000000	98.113330 
1387.000000	98.114730 
1386.000000	98.119101 
1385.000000	98.124195 
1384.000000	98.126820 
1383.000000	98.125514 
1382.000000	98.121274 
1381.000000	98.116489 
1380.000000	98.113779 
1379.000000	98.115301 
1378.000000	98.122235 
1377.000000	98.133932 
1376.000000	98.147274 
1375.000000	98.157213 
1374.000000	98.160339 
1373.000000	98.159565 
1372.000000	98.162149 
1371.000000	98.172689 
1370.000000	98.189523 
1369.000000	98.206963 
1368.000000	98.219888 
1367.000000	98.227152 
1366.000000	98.230612 
1365.000000	98.232003 
1364.000000	98.231993 
1363.000000	98.231455 
1362.000000	98.231713 
1361.000000	98.232570 
1360.000000	98.231967 
1359.000000	98.229370 
1358.000000	98.228679 
1357.000000	98.236103 
1356.000000	98.253555 
1355.000000	98.274415 
1354.000000	98.287816 
1353.000000	98.288282 
1352.000000	98.280173 
1351.000000	98.272401 
1350.000000	98.269693 
1349.000000	98.270113 
1348.000000	98.269351 
1347.000000	98.265577 
1346.000000	98.259475 
1345.000000	98.251958 
1344.000000	98.244088 
1343.000000	98.238254 
1342.000000	98.236561 
1341.000000	98.237164 
1340.000000	98.234271 
1339.000000	98.224387 
1338.000000	98.211699 
1337.000000	98.204172 
1336.000000	98.205360 
1335.000000	98.211824 
1334.000000	98.216954 
1333.000000	98.216292 
1332.000000	98.210467 
1331.000000	98.204466 
1330.000000	98.203317 
1329.000000	98.206949 
1328.000000	98.209604 
1327.000000	98.205634 
1326.000000	98.195747 
1325.000000	98.186464 
1324.000000	98.183306 
1323.000000	98.185605 
1322.000000	98.187536 
1321.000000	98.182837 
1320.000000	98.169072 
1319.000000	98.149748 
1318.000000	98.132884 
1317.000000	98.125372 
1316.000000	98.127776 
1315.000000	98.134813 
1314.000000	98.140250 
1313.000000	98.140828 
1312.000000	98.136611 
1311.000000	98.129612 
1310.000000	98.122522 
1309.000000	98.117030 
1308.000000	98.112110 
1307.000000	98.104657 
1306.000000	98.092643 
1305.000000	98.077416 
1304.000000	98.062630 
1303.000000	98.051663 
1302.000000	98.045637 
1301.000000	98.042400 
1300.000000	98.037214 
1299.000000	98.026267 
1298.000000	98.010634 
1297.000000	97.995738 
1296.000000	97.985974 
1295.000000	97.980534 
1294.000000	97.974727 
1293.000000	97.964066 
1292.000000	97.946634 
1291.000000	97.923658 
1290.000000	97.899465 
1289.000000	97.879405 
1288.000000	97.865756 
1287.000000	97.856003 
1286.000000	97.846247 
1285.000000	97.835320 
1284.000000	97.824236 
1283.000000	97.813170 
1282.000000	97.801308 
1281.000000	97.788688 
1280.000000	97.775516 
1279.000000	97.760075 
1278.000000	97.740393 
1277.000000	97.718334 
1276.000000	97.699253 
1275.000000	97.686654 
1274.000000	97.679445 
1273.000000	97.675143 
1272.000000	97.672873 
1271.000000	97.671398 
1270.000000	97.666883 
1269.000000	97.655608 
1268.000000	97.637939 
1267.000000	97.617646 
1266.000000	97.598031 
1265.000000	97.579942 
1264.000000	97.562610 
1263.000000	97.545251 
1262.000000	97.528868 
1261.000000	97.516958 
1260.000000	97.511864 
1259.000000	97.508848 
1258.000000	97.497192 
1257.000000	97.470796 
1256.000000	97.435776 
1255.000000	97.404176 
1254.000000	97.381182 
1253.000000	97.362012 
1252.000000	97.340562 
1251.000000	97.316345 
1250.000000	97.292185 
1249.000000	97.269599 
1248.000000	97.248694 
1247.000000	97.229232 
1246.000000	97.209049 
1245.000000	97.183738 
1244.000000	97.150901 
1243.000000	97.114076 
1242.000000	97.080520 
1241.000000	97.055233 
1240.000000	97.037588 
1239.000000	97.022179 
1238.000000	97.001957 
1237.000000	96.972326 
1236.000000	96.934200 
1235.000000	96.893082 
1234.000000	96.854554 
1233.000000	96.820537 
1232.000000	96.788986 
1231.000000	96.755278 
1230.000000	96.714188 
1229.000000	96.663323 
1228.000000	96.605712 
1227.000000	96.547200 
1226.000000	96.490206 
1225.000000	96.431462 
1224.000000	96.366239 
1223.000000	96.292375 
1222.000000	96.209505 
1221.000000	96.117546 
1220.000000	96.018158 
1219.000000	95.915347 
1218.000000	95.811840 
1217.000000	95.706006 
1216.000000	95.594468 
1215.000000	95.476641 
1214.000000	95.355000 
1213.000000	95.231762 
1212.000000	95.106509 
1211.000000	94.976384 
1210.000000	94.838769 
1209.000000	94.695663 
1208.000000	94.554784 
1207.000000	94.423051 
1206.000000	94.298858 
1205.000000	94.174627 
1204.000000	94.047050 
1203.000000	93.919984 
1202.000000	93.796732 
1201.000000	93.675201 
1200.000000	93.552577 
1199.000000	93.429406 
1198.000000	93.306536 
1197.000000	93.182556 
1196.000000	93.056661 
1195.000000	92.930190 
1194.000000	92.803868 
1193.000000	92.677601 
1192.000000	92.553527 
1191.000000	92.434021 
1190.000000	92.316129 
1189.000000	92.194170 
1188.000000	92.068640 
1187.000000	91.945687 
1186.000000	91.826492 
1185.000000	91.704623 
1184.000000	91.575678 
1183.000000	91.441617 
1182.000000	91.303317 
1181.000000	91.157518 
1180.000000	91.005045 
1179.000000	90.853627 
1178.000000	90.707006 
1177.000000	90.557553 
1176.000000	90.394493 
1175.000000	90.214314 
1174.000000	90.020283 
1173.000000	89.818014 
1172.000000	89.614359 
1171.000000	89.413479 
1170.000000	89.210522 
1169.000000	88.996578 
1168.000000	88.773872 
1167.000000	88.559761 
1166.000000	88.373955 
1165.000000	88.230300 
1164.000000	88.142509 
1163.000000	88.124920 
1162.000000	88.180228 
1161.000000	88.293584 
1160.000000	88.440785 
1159.000000	88.592997 
1158.000000	88.714275 
1157.000000	88.770502 
1156.000000	88.749680 
1155.000000	88.667391 
1154.000000	88.548062 
1153.000000	88.406681 
1152.000000	88.250447 
1151.000000	88.086887 
1150.000000	87.921975 
1149.000000	87.756529 
1148.000000	87.590882 
1147.000000	87.427977 
1146.000000	87.267697 
1145.000000	87.104124 
1144.000000	86.932358 
1143.000000	86.752975 
1142.000000	86.568297 
1141.000000	86.381136 
1140.000000	86.197974 
1139.000000	86.024383 
1138.000000	85.855472 
1137.000000	85.680043 
1136.000000	85.495618 
1135.000000	85.309453 
1134.000000	85.123930 
1133.000000	84.932957 
1132.000000	84.735000 
1131.000000	84.536976 
1130.000000	84.341570 
1129.000000	84.142919 
1128.000000	83.939041 
1127.000000	83.736676 
1126.000000	83.539671 
1125.000000	83.343828 
1124.000000	83.146785 
1123.000000	82.951434 
1122.000000	82.756695 
1121.000000	82.556920 
1120.000000	82.352893 
1119.000000	82.151330 
1118.000000	81.952724 
1117.000000	81.753574 
1116.000000	81.560410 
1115.000000	81.384291 
1114.000000	81.219428 
1113.000000	81.045530 
1112.000000	80.854912 
1111.000000	80.659484 
1110.000000	80.467766 
1109.000000	80.274380 
1108.000000	80.077198 
1107.000000	79.884962 
1106.000000	79.700618 
1105.000000	79.515081 
1104.000000	79.324166 
1103.000000	79.134210 
1102.000000	78.945275 
1101.000000	78.747173 
1100.000000	78.538477 
1099.000000	78.331856 
1098.000000	78.134621 
1097.000000	77.941385 
1096.000000	77.750457 
1095.000000	77.568167 
1094.000000	77.391615 
1093.000000	77.206919 
1092.000000	77.010873 
1091.000000	76.815967 
1090.000000	76.629595 
1089.000000	76.447557 
1088.000000	76.271162 
1087.000000	76.108707 
1086.000000	75.956151 
1085.000000	75.799719 
1084.000000	75.642219 
1083.000000	75.502075 
1082.000000	75.380405 
1081.000000	75.254744 
1080.000000	75.113635 
1079.000000	74.972532 
1078.000000	74.846120 
1077.000000	74.728700 
1076.000000	74.611599 
1075.000000	74.495793 
1074.000000	74.376040 
1073.000000	74.234578 
1072.000000	74.061848 
1071.000000	73.864680 
1070.000000	73.646418 
1069.000000	73.399326 
1068.000000	73.124086 
1067.000000	72.835651 
1066.000000	72.542029 
1065.000000	72.238711 
1064.000000	71.931399 
1063.000000	71.640445 
1062.000000	71.372973 
1061.000000	71.112823 
1060.000000	70.847558 
1059.000000	70.583984 
1058.000000	70.329350 
1057.000000	70.080113 
1056.000000	69.837369 
1055.000000	69.609742 
1054.000000	69.391109 
1053.000000	69.157698 
1052.000000	68.897937 
1051.000000	68.624186 
1050.000000	68.346076 
1049.000000	68.056881 
1048.000000	67.754620 
1047.000000	67.448794 
1046.000000	67.138489 
1045.000000	66.810350 
1044.000000	66.463712 
1043.000000	66.113225 
1042.000000	65.763002 
1041.000000	65.403039 
1040.000000	65.035329 
1039.000000	64.678008 
1038.000000	64.339709 
1037.000000	64.016455 
1036.000000	63.716686 
1035.000000	63.458981 
1034.000000	63.239461 
1033.000000	63.031152 
1032.000000	62.821556 
1031.000000	62.622781 
1030.000000	62.442023 
1029.000000	62.273540 
1028.000000	62.123181 
1027.000000	62.006649 
1026.000000	61.916586 
1025.000000	61.823673 
1024.000000	61.717379 
1023.000000	61.614898 
1022.000000	61.524814 
1021.000000	61.433916 
1020.000000	61.335481 
1019.000000	61.237774 
1018.000000	61.138211 
1017.000000	61.021846 
1016.000000	60.892776 
1015.000000	60.775474 
1014.000000	60.677824 
1013.000000	60.583282 
1012.000000	60.485035 
1011.000000	60.395558 
1010.000000	60.316553 
1009.000000	60.232751 
1008.000000	60.142889 
1007.000000	60.064469 
1006.000000	60.000436 
1005.000000	59.933429 
1004.000000	59.861007 
1003.000000	59.804697 
1002.000000	59.775862 
1001.000000	59.762835 
1000.000000	59.757826 
999.000000	 59.764661 
998.000000	 59.774404 
997.000000	 59.767965 
996.000000	 59.751500 
995.000000	 59.755932 
994.000000	 59.791718 
993.000000	 59.835556 
992.000000	 59.870404 
991.000000	 59.905964 
990.000000	 59.950334 
989.000000	 59.995141 
988.000000	 60.041343 
987.000000	 60.108383 
986.000000	 60.203889 
985.000000	 60.312021 
984.000000	 60.423671 
983.000000	 60.551411 
982.000000	 60.704565 
981.000000	 60.876653 
980.000000	 61.067074 
979.000000	 61.287588 
978.000000	 61.536923 
977.000000	 61.795013 
976.000000	 62.052468 
975.000000	 62.321991 
974.000000	 62.613196 
973.000000	 62.920276 
972.000000	 63.241166 
971.000000	 63.584053 
970.000000	 63.947580 
969.000000	 64.317683 
968.000000	 64.689837 
967.000000	 65.071968 
966.000000	 65.461412 
965.000000	 65.842275 
964.000000	 66.209452 
963.000000	 66.572180 
962.000000	 66.930807 
961.000000	 67.273894 
960.000000	 67.601553 
959.000000	 67.927323 
958.000000	 68.252523 
957.000000	 68.562001 
956.000000	 68.849896 
955.000000	 69.127109 
954.000000	 69.399086 
953.000000	 69.658210 
952.000000	 69.901783 
951.000000	 70.135242 
950.000000	 70.353998 
949.000000	 70.544610 
948.000000	 70.708079 
947.000000	 70.860209 
946.000000	 71.005376 
945.000000	 71.131972 
944.000000	 71.237192 
943.000000	 71.333574 
942.000000	 71.427380 
941.000000	 71.513721 
940.000000	 71.596686 
939.000000	 71.689287 
938.000000	 71.787763 
937.000000	 71.871077 
936.000000	 71.934040 
935.000000	 71.997763 
934.000000	 72.078839 
933.000000	 72.169954 
932.000000	 72.259005 
931.000000	 72.345767 
930.000000	 72.431566 
929.000000	 72.513410 
928.000000	 72.596733 
927.000000	 72.694343 
926.000000	 72.805035 
925.000000	 72.911466 
924.000000	 73.004511 
923.000000	 73.090651 
922.000000	 73.171832 
921.000000	 73.239912 
920.000000	 73.296051 
919.000000	 73.352977 
918.000000	 73.411501 
917.000000	 73.456972 
916.000000	 73.486693 
915.000000	 73.519895 
914.000000	 73.573484 
913.000000	 73.649333 
912.000000	 73.752303 
911.000000	 73.896768 
910.000000	 74.084700 
909.000000	 74.298727 
908.000000	 74.527595 
907.000000	 74.779434 
906.000000	 75.061799 
905.000000	 75.368616 
904.000000	 75.695051 
903.000000	 76.045578 
902.000000	 76.418238 
901.000000	 76.798048 
900.000000	 77.173903 
899.000000	 77.547359 
898.000000	 77.920017 
897.000000	 78.287113 
896.000000	 78.646394 
895.000000	 78.997737 
894.000000	 79.332487 
893.000000	 79.640217 
892.000000	 79.927479 
891.000000	 80.211809 
890.000000	 80.494765 
889.000000	 80.759480 
888.000000	 80.998500 
887.000000	 81.225413 
886.000000	 81.453765 
885.000000	 81.682234 
884.000000	 81.906841 
883.000000	 82.130986 
882.000000	 82.356406 
881.000000	 82.579135 
880.000000	 82.800553 
879.000000	 83.028382 
878.000000	 83.262427 
877.000000	 83.494133 
876.000000	 83.723300 
875.000000	 83.959198 
874.000000	 84.203080 
873.000000	 84.447484 
872.000000	 84.695320 
871.000000	 84.960342 
870.000000	 85.244163 
869.000000	 85.530354 
868.000000	 85.805436 
867.000000	 86.069185 
866.000000	 86.321204 
865.000000	 86.555254 
864.000000	 86.772830 
863.000000	 86.986553 
862.000000	 87.202753 
861.000000	 87.413834 
860.000000	 87.614191 
859.000000	 87.810549 
858.000000	 88.009761 
857.000000	 88.208189 
856.000000	 88.399016 
855.000000	 88.578164 
854.000000	 88.737567 
853.000000	 88.866195 
852.000000	 88.966081 
851.000000	 89.056047 
850.000000	 89.150831 
849.000000	 89.245296 
848.000000	 89.325355 
847.000000	 89.383432 
846.000000	 89.416352 
845.000000	 89.420810 
844.000000	 89.401474 
843.000000	 89.372790 
842.000000	 89.340266 
841.000000	 89.287514 
840.000000	 89.193576 
839.000000	 89.057858 
838.000000	 88.899443 
837.000000	 88.739052 
836.000000	 88.590981 
835.000000	 88.463159 
834.000000	 88.351512 
833.000000	 88.240924 
832.000000	 88.125787 
831.000000	 88.026088 
830.000000	 87.970788 
829.000000	 87.967310 
828.000000	 87.997798 
827.000000	 88.042367 
826.000000	 88.094991 
825.000000	 88.158011 
824.000000	 88.231843 
823.000000	 88.311547 
822.000000	 88.386394 
821.000000	 88.441986 
820.000000	 88.467232 
819.000000	 88.459634 
818.000000	 88.422538 
817.000000	 88.358730 
816.000000	 88.266864 
815.000000	 88.140397 
814.000000	 87.967548 
813.000000	 87.733742 
812.000000	 87.424260 
811.000000	 87.022674 
810.000000	 86.510487 
809.000000	 85.876301 
808.000000	 85.127029 
807.000000	 84.284805 
806.000000	 83.372956 
805.000000	 82.413422 
804.000000	 81.438132 
803.000000	 80.489262 
802.000000	 79.603704 
801.000000	 78.810745 
800.000000	 78.146982 
799.000000	 77.651835 
798.000000	 77.340024 
797.000000	 77.197103 
796.000000	 77.205210 
795.000000	 77.348273 
794.000000	 77.587841 
793.000000	 77.864090 
792.000000	 78.133901 
791.000000	 78.387753 
790.000000	 78.621056 
789.000000	 78.809077 
788.000000	 78.918775 
787.000000	 78.927308 
786.000000	 78.821308 
785.000000	 78.596812 
784.000000	 78.272000 
783.000000	 77.887228 
782.000000	 77.483550 
781.000000	 77.092790 
780.000000	 76.751963 
779.000000	 76.506469 
778.000000	 76.387286 
777.000000	 76.399359 
776.000000	 76.536505 
775.000000	 76.786692 
774.000000	 77.117550 
773.000000	 77.481565 
772.000000	 77.847368 
771.000000	 78.209339 
770.000000	 78.561175 
769.000000	 78.880616 
768.000000	 79.149044 
767.000000	 79.367541 
766.000000	 79.543878 
765.000000	 79.680541 
764.000000	 79.786267 
763.000000	 79.883293 
762.000000	 79.989075 
761.000000	 80.100643 
760.000000	 80.206612 
759.000000	 80.304533 
758.000000	 80.398871 
757.000000	 80.493176 
756.000000	 80.592137 
755.000000	 80.700556 
754.000000	 80.813042 
753.000000	 80.915751 
752.000000	 81.005778 
751.000000	 81.098790 
750.000000	 81.210784 
749.000000	 81.341899 
748.000000	 81.484605 
747.000000	 81.638107 
746.000000	 81.807045 
745.000000	 81.992972 
744.000000	 82.193831 
743.000000	 82.407753 
742.000000	 82.634146 
741.000000	 82.873474 
740.000000	 83.123855 
739.000000	 83.373351 
738.000000	 83.601776 
737.000000	 83.799851 
736.000000	 83.981829 
735.000000	 84.168513 
734.000000	 84.361705 
733.000000	 84.545993 
732.000000	 84.709397 
731.000000	 84.847440 
730.000000	 84.953033 
729.000000	 85.022373 
728.000000	 85.071020 
727.000000	 85.124573 
726.000000	 85.189573 
725.000000	 85.251029 
724.000000	 85.302420 
723.000000	 85.360719 
722.000000	 85.446073 
721.000000	 85.561240 
720.000000	 85.695474 
719.000000	 85.834202 
718.000000	 85.960831 
717.000000	 86.064988 
716.000000	 86.155398 
715.000000	 86.251465 
714.000000	 86.355692 
713.000000	 86.445794 
712.000000	 86.498341 
711.000000	 86.507015 
710.000000	 86.475009 
709.000000	 86.407953 
708.000000	 86.323350 
707.000000	 86.248707 
706.000000	 86.193078 
705.000000	 86.128842 
704.000000	 86.012561 
703.000000	 85.815481 
702.000000	 85.526776 
701.000000	 85.139270 
700.000000	 84.646069 
699.000000	 84.051316 
698.000000	 83.384647 
697.000000	 82.716963 
696.000000	 82.160044 
695.000000	 81.823131 
694.000000	 81.750964 
693.000000	 81.905491 
692.000000	 82.204606 
691.000000	 82.570285 
690.000000	 82.947962 
689.000000	 83.305243 
688.000000	 83.625921 
687.000000	 83.900633 
686.000000	 84.123795 
685.000000	 84.305681 
684.000000	 84.477710 
683.000000	 84.665851 
682.000000	 84.858147 
681.000000	 85.017066 
680.000000	 85.128564 
679.000000	 85.222383 
678.000000	 85.336490 
677.000000	 85.477078 
676.000000	 85.624128 
675.000000	 85.764713 
674.000000	 85.900802 
673.000000	 86.038045 
672.000000	 86.186231 
671.000000	 86.360800 
670.000000	 86.564806 
669.000000	 86.763046 
668.000000	 86.890349 
667.000000	 86.922632 
666.000000	 86.909061 
665.000000	 86.906785 
664.000000	 86.934587 
663.000000	 86.991920 
662.000000	 87.075495 
661.000000	 87.177419 
660.000000	 87.285552 
659.000000	 87.381800 
658.000000	 87.439130 
657.000000	 87.437636 
656.000000	 87.390901 
655.000000	 87.342909 
654.000000	 87.319367 
653.000000	 87.299810 
652.000000	 87.259758 
651.000000	 87.215272 
650.000000	 87.199048 

