4000.000000	77.329078 
3999.000000	77.326355 
3998.000000	77.320637 
3997.000000	77.312993 
3996.000000	77.305273 
3995.000000	77.299035 
3994.000000	77.294777 
3993.000000	77.291923 
3992.000000	77.289689 
3991.000000	77.288092 
3990.000000	77.287758 
3989.000000	77.288832 
3988.000000	77.290482 
3987.000000	77.291660 
3986.000000	77.292013 
3985.000000	77.291757 
3984.000000	77.290932 
3983.000000	77.289073 
3982.000000	77.285783 
3981.000000	77.281520 
3980.000000	77.277719 
3979.000000	77.275970 
3978.000000	77.276796 
3977.000000	77.278867 
3976.000000	77.279575 
3975.000000	77.277221 
3974.000000	77.272589 
3973.000000	77.268226 
3972.000000	77.265847 
3971.000000	77.264960 
3970.000000	77.263947 
3969.000000	77.261795 
3968.000000	77.258528 
3967.000000	77.254594 
3966.000000	77.250342 
3965.000000	77.246061 
3964.000000	77.242154 
3963.000000	77.239089 
3962.000000	77.237203 
3961.000000	77.236513 
3960.000000	77.236764 
3959.000000	77.237868 
3958.000000	77.239852 
3957.000000	77.242294 
3956.000000	77.244034 
3955.000000	77.244053 
3954.000000	77.242307 
3953.000000	77.239293 
3952.000000	77.235339 
3951.000000	77.230611 
3950.000000	77.225666 
3949.000000	77.221336 
3948.000000	77.217983 
3947.000000	77.215130 
3946.000000	77.212101 
3945.000000	77.209006 
3944.000000	77.206766 
3943.000000	77.205911 
3942.000000	77.205639 
3941.000000	77.204449 
3940.000000	77.201608 
3939.000000	77.197732 
3938.000000	77.193827 
3937.000000	77.190284 
3936.000000	77.186991 
3935.000000	77.184346 
3934.000000	77.183350 
3933.000000	77.184190 
3932.000000	77.185354 
3931.000000	77.184810 
3930.000000	77.182214 
3929.000000	77.178992 
3928.000000	77.176606 
3927.000000	77.175199 
3926.000000	77.174182 
3925.000000	77.173224 
3924.000000	77.172152 
3923.000000	77.170513 
3922.000000	77.168070 
3921.000000	77.165297 
3920.000000	77.162817 
3919.000000	77.160728 
3918.000000	77.158809 
3917.000000	77.157137 
3916.000000	77.155892 
3915.000000	77.154840 
3914.000000	77.153483 
3913.000000	77.151703 
3912.000000	77.149655 
3911.000000	77.147509 
3910.000000	77.145261 
3909.000000	77.143018 
3908.000000	77.140985 
3907.000000	77.139281 
3906.000000	77.137816 
3905.000000	77.136379 
3904.000000	77.134802 
3903.000000	77.132966 
3902.000000	77.130788 
3901.000000	77.128350 
3900.000000	77.125947 
3899.000000	77.123851 
3898.000000	77.122073 
3897.000000	77.120502 
3896.000000	77.119052 
3895.000000	77.117753 
3894.000000	77.116591 
3893.000000	77.115466 
3892.000000	77.114241 
3891.000000	77.112923 
3890.000000	77.111569 
3889.000000	77.110116 
3888.000000	77.108491 
3887.000000	77.106844 
3886.000000	77.105480 
3885.000000	77.104512 
3884.000000	77.103594 
3883.000000	77.102283 
3882.000000	77.100607 
3881.000000	77.099017 
3880.000000	77.097883 
3879.000000	77.097193 
3878.000000	77.096617 
3877.000000	77.095888 
3876.000000	77.094948 
3875.000000	77.093922 
3874.000000	77.093024 
3873.000000	77.092162 
3872.000000	77.090880 
3871.000000	77.089157 
3870.000000	77.087886 
3869.000000	77.087751 
3868.000000	77.087940 
3867.000000	77.087181 
3866.000000	77.085765 
3865.000000	77.085107 
3864.000000	77.085651 
3863.000000	77.086347 
3862.000000	77.086213 
3861.000000	77.085539 
3860.000000	77.084929 
3859.000000	77.084771 
3858.000000	77.085436 
3857.000000	77.087336 
3856.000000	77.089798 
3855.000000	77.090647 
3854.000000	77.088700 
3853.000000	77.086219 
3852.000000	77.085019 
3851.000000	77.083419 
3850.000000	77.080770 
3849.000000	77.078246 
3848.000000	77.076274 
3847.000000	77.074192 
3846.000000	77.071742 
3845.000000	77.069650 
3844.000000	77.068557 
3843.000000	77.068419 
3842.000000	77.068520 
3841.000000	77.068311 
3840.000000	77.067695 
3839.000000	77.066711 
3838.000000	77.065105 
3837.000000	77.062985 
3836.000000	77.061075 
3835.000000	77.059987 
3834.000000	77.059644 
3833.000000	77.059455 
3832.000000	77.058947 
3831.000000	77.058034 
3830.000000	77.056756 
3829.000000	77.055159 
3828.000000	77.053358 
3827.000000	77.051736 
3826.000000	77.050648 
3825.000000	77.049940 
3824.000000	77.048960 
3823.000000	77.047348 
3822.000000	77.045431 
3821.000000	77.044069 
3820.000000	77.043389 
3819.000000	77.042097 
3818.000000	77.039459 
3817.000000	77.036130 
3816.000000	77.033381 
3815.000000	77.031454 
3814.000000	77.029299 
3813.000000	77.026319 
3812.000000	77.023235 
3811.000000	77.020912 
3810.000000	77.019263 
3809.000000	77.017443 
3808.000000	77.015028 
3807.000000	77.012879 
3806.000000	77.011981 
3805.000000	77.011994 
3804.000000	77.011695 
3803.000000	77.010427 
3802.000000	77.008302 
3801.000000	77.006187 
3800.000000	77.004292 
3799.000000	77.001859 
3798.000000	76.999086 
3797.000000	76.996945 
3796.000000	76.995652 
3795.000000	76.994177 
3794.000000	76.991596 
3793.000000	76.988178 
3792.000000	76.985009 
3791.000000	76.982523 
3790.000000	76.980168 
3789.000000	76.977309 
3788.000000	76.973864 
3787.000000	76.969905 
3786.000000	76.965599 
3785.000000	76.961923 
3784.000000	76.960066 
3783.000000	76.959497 
3782.000000	76.958154 
3781.000000	76.955410 
3780.000000	76.953237 
3779.000000	76.953843 
3778.000000	76.956251 
3777.000000	76.957120 
3776.000000	76.954869 
3775.000000	76.951615 
3774.000000	76.950106 
3773.000000	76.950331 
3772.000000	76.950210 
3771.000000	76.949117 
3770.000000	76.948303 
3769.000000	76.947961 
3768.000000	76.945886 
3767.000000	76.941101 
3766.000000	76.936430 
3765.000000	76.935680 
3764.000000	76.938634 
3763.000000	76.940546 
3762.000000	76.937694 
3761.000000	76.931576 
3760.000000	76.925613 
3759.000000	76.921336 
3758.000000	76.919137 
3757.000000	76.920417 
3756.000000	76.925014 
3755.000000	76.929757 
3754.000000	76.932439 
3753.000000	76.935273 
3752.000000	76.940952 
3751.000000	76.946088 
3750.000000	76.945583 
3749.000000	76.940802 
3748.000000	76.935096 
3747.000000	76.928038 
3746.000000	76.918650 
3745.000000	76.909800 
3744.000000	76.906922 
3743.000000	76.906190 
3742.000000	76.898256 
3741.000000	76.885234 
3740.000000	76.876225 
3739.000000	76.874190 
3738.000000	76.874128 
3737.000000	76.871452 
3736.000000	76.867751 
3735.000000	76.865252 
3734.000000	76.861876 
3733.000000	76.855773 
3732.000000	76.849577 
3731.000000	76.845771 
3730.000000	76.842474 
3729.000000	76.836661 
3728.000000	76.828645 
3727.000000	76.821623 
3726.000000	76.817666 
3725.000000	76.814916 
3724.000000	76.810478 
3723.000000	76.803786 
3722.000000	76.796111 
3721.000000	76.789128 
3720.000000	76.783838 
3719.000000	76.780351 
3718.000000	76.777931 
3717.000000	76.775716 
3716.000000	76.772465 
3715.000000	76.767332 
3714.000000	76.761437 
3713.000000	76.756906 
3712.000000	76.753711 
3711.000000	76.749215 
3710.000000	76.741336 
3709.000000	76.730884 
3708.000000	76.720293 
3707.000000	76.711699 
3706.000000	76.705363 
3705.000000	76.699783 
3704.000000	76.693381 
3703.000000	76.686044 
3702.000000	76.679505 
3701.000000	76.676431 
3700.000000	76.677692 
3699.000000	76.680854 
3698.000000	76.683151 
3697.000000	76.684502 
3696.000000	76.685161 
3695.000000	76.683117 
3694.000000	76.677447 
3693.000000	76.671749 
3692.000000	76.669704 
3691.000000	76.668999 
3690.000000	76.663301 
3689.000000	76.652320 
3688.000000	76.643500 
3687.000000	76.639819 
3686.000000	76.636066 
3685.000000	76.629541 
3684.000000	76.623583 
3683.000000	76.620535 
3682.000000	76.617368 
3681.000000	76.611187 
3680.000000	76.606507 
3679.000000	76.608028 
3678.000000	76.611050 
3677.000000	76.605993 
3676.000000	76.593596 
3675.000000	76.586717 
3674.000000	76.587157 
3673.000000	76.581393 
3672.000000	76.564205 
3671.000000	76.542523 
3670.000000	76.524621 
3669.000000	76.511721 
3668.000000	76.499054 
3667.000000	76.484825 
3666.000000	76.471242 
3665.000000	76.459746 
3664.000000	76.449651 
3663.000000	76.440078 
3662.000000	76.430968 
3661.000000	76.422350 
3660.000000	76.413692 
3659.000000	76.403027 
3658.000000	76.389212 
3657.000000	76.374045 
3656.000000	76.362642 
3655.000000	76.355633 
3654.000000	76.346693 
3653.000000	76.331821 
3652.000000	76.315431 
3651.000000	76.303358 
3650.000000	76.294614 
3649.000000	76.283717 
3648.000000	76.270744 
3647.000000	76.260946 
3646.000000	76.254725 
3645.000000	76.248258 
3644.000000	76.239942 
3643.000000	76.232839 
3642.000000	76.229129 
3641.000000	76.225581 
3640.000000	76.216133 
3639.000000	76.200071 
3638.000000	76.184173 
3637.000000	76.174237 
3636.000000	76.169393 
3635.000000	76.166109 
3634.000000	76.164698 
3633.000000	76.166680 
3632.000000	76.169906 
3631.000000	76.170726 
3630.000000	76.168141 
3629.000000	76.165761 
3628.000000	76.165798 
3627.000000	76.162062 
3626.000000	76.149167 
3625.000000	76.131125 
3624.000000	76.113566 
3623.000000	76.097325 
3622.000000	76.082062 
3621.000000	76.071624 
3620.000000	76.071119 
3619.000000	76.079896 
3618.000000	76.091971 
3617.000000	76.101781 
3616.000000	76.107808 
3615.000000	76.112066 
3614.000000	76.118115 
3613.000000	76.127594 
3612.000000	76.138058 
3611.000000	76.145434 
3610.000000	76.149438 
3609.000000	76.153732 
3608.000000	76.160171 
3607.000000	76.166095 
3606.000000	76.168484 
3605.000000	76.168743 
3604.000000	76.170952 
3603.000000	76.176497 
3602.000000	76.183133 
3601.000000	76.188325 
3600.000000	76.192212 
3599.000000	76.195872 
3598.000000	76.201029 
3597.000000	76.208585 
3596.000000	76.217513 
3595.000000	76.224754 
3594.000000	76.228012 
3593.000000	76.226623 
3592.000000	76.221929 
3591.000000	76.216529 
3590.000000	76.213481 
3589.000000	76.215080 
3588.000000	76.221287 
3587.000000	76.229387 
3586.000000	76.235611 
3585.000000	76.237592 
3584.000000	76.235423 
3583.000000	76.230973 
3582.000000	76.226694 
3581.000000	76.224513 
3580.000000	76.225201 
3579.000000	76.227998 
3578.000000	76.231726 
3577.000000	76.235774 
3576.000000	76.240018 
3575.000000	76.244082 
3574.000000	76.247018 
3573.000000	76.247854 
3572.000000	76.246299 
3571.000000	76.243033 
3570.000000	76.239259 
3569.000000	76.236341 
3568.000000	76.235185 
3567.000000	76.235719 
3566.000000	76.237254 
3565.000000	76.239369 
3564.000000	76.242028 
3563.000000	76.245130 
3562.000000	76.248283 
3561.000000	76.251112 
3560.000000	76.253402 
3559.000000	76.254797 
3558.000000	76.254564 
3557.000000	76.252410 
3556.000000	76.249255 
3555.000000	76.246954 
3554.000000	76.246981 
3553.000000	76.249309 
3552.000000	76.252189 
3551.000000	76.253404 
3550.000000	76.251937 
3549.000000	76.248570 
3548.000000	76.245039 
3547.000000	76.242570 
3546.000000	76.241483 
3545.000000	76.241910 
3544.000000	76.243929 
3543.000000	76.247023 
3542.000000	76.250062 
3541.000000	76.252194 
3540.000000	76.253351 
3539.000000	76.253945 
3538.000000	76.254472 
3537.000000	76.255411 
3536.000000	76.257174 
3535.000000	76.259818 
3534.000000	76.263036 
3533.000000	76.266297 
3532.000000	76.268990 
3531.000000	76.270406 
3530.000000	76.270161 
3529.000000	76.268693 
3528.000000	76.267066 
3527.000000	76.265997 
3526.000000	76.265397 
3525.000000	76.265054 
3524.000000	76.265215 
3523.000000	76.266181 
3522.000000	76.267714 
3521.000000	76.269267 
3520.000000	76.270724 
3519.000000	76.272560 
3518.000000	76.275204 
3517.000000	76.278302 
3516.000000	76.280777 
3515.000000	76.281640 
3514.000000	76.280761 
3513.000000	76.279002 
3512.000000	76.277880 
3511.000000	76.278714 
3510.000000	76.281806 
3509.000000	76.286225 
3508.000000	76.290339 
3507.000000	76.292980 
3506.000000	76.294211 
3505.000000	76.295019 
3504.000000	76.296375 
3503.000000	76.298495 
3502.000000	76.301053 
3501.000000	76.303720 
3500.000000	76.306204 
3499.000000	76.307981 
3498.000000	76.308567 
3497.000000	76.308142 
3496.000000	76.307586 
3495.000000	76.307653 
3494.000000	76.308376 
3493.000000	76.309438 
3492.000000	76.310835 
3491.000000	76.312815 
3490.000000	76.315257 
3489.000000	76.317462 
3488.000000	76.318818 
3487.000000	76.319440 
3486.000000	76.320031 
3485.000000	76.321119 
3484.000000	76.322553 
3483.000000	76.323703 
3482.000000	76.324100 
3481.000000	76.323928 
3480.000000	76.323921 
3479.000000	76.324704 
3478.000000	76.326175 
3477.000000	76.327612 
3476.000000	76.328452 
3475.000000	76.328916 
3474.000000	76.329667 
3473.000000	76.330830 
3472.000000	76.331667 
3471.000000	76.331459 
3470.000000	76.330401 
3469.000000	76.329358 
3468.000000	76.329002 
3467.000000	76.329421 
3466.000000	76.330520 
3465.000000	76.332352 
3464.000000	76.334752 
3463.000000	76.336970 
3462.000000	76.338182 
3461.000000	76.338258 
3460.000000	76.337861 
3459.000000	76.337755 
3458.000000	76.338163 
3457.000000	76.338833 
3456.000000	76.339579 
3455.000000	76.340449 
3454.000000	76.341481 
3453.000000	76.342622 
3452.000000	76.343949 
3451.000000	76.345580 
3450.000000	76.347298 
3449.000000	76.348586 
3448.000000	76.349333 
3447.000000	76.350229 
3446.000000	76.352034 
3445.000000	76.354521 
3444.000000	76.356619 
3443.000000	76.357622 
3442.000000	76.357879 
3441.000000	76.358179 
3440.000000	76.358592 
3439.000000	76.358350 
3438.000000	76.356958 
3437.000000	76.355099 
3436.000000	76.354229 
3435.000000	76.355114 
3434.000000	76.357061 
3433.000000	76.358481 
3432.000000	76.358420 
3431.000000	76.357346 
3430.000000	76.356529 
3429.000000	76.356838 
3428.000000	76.358246 
3427.000000	76.360249 
3426.000000	76.362391 
3425.000000	76.364321 
3424.000000	76.365672 
3423.000000	76.366217 
3422.000000	76.366164 
3421.000000	76.366126 
3420.000000	76.366791 
3419.000000	76.368598 
3418.000000	76.371466 
3417.000000	76.374490 
3416.000000	76.376190 
3415.000000	76.375734 
3414.000000	76.374035 
3413.000000	76.373186 
3412.000000	76.374148 
3411.000000	76.375546 
3410.000000	76.375341 
3409.000000	76.373297 
3408.000000	76.371109 
3407.000000	76.370218 
3406.000000	76.370261 
3405.000000	76.369884 
3404.000000	76.368326 
3403.000000	76.365837 
3402.000000	76.363109 
3401.000000	76.360931 
3400.000000	76.360230 
3399.000000	76.361733 
3398.000000	76.365198 
3397.000000	76.369127 
3396.000000	76.371547 
3395.000000	76.371384 
3394.000000	76.369082 
3393.000000	76.366168 
3392.000000	76.364260 
3391.000000	76.364260 
3390.000000	76.366255 
3389.000000	76.369698 
3388.000000	76.373659 
3387.000000	76.377231 
3386.000000	76.379835 
3385.000000	76.381213 
3384.000000	76.381365 
3383.000000	76.380673 
3382.000000	76.379917 
3381.000000	76.379661 
3380.000000	76.379588 
3379.000000	76.378833 
3378.000000	76.377105 
3377.000000	76.375124 
3376.000000	76.373869 
3375.000000	76.373659 
3374.000000	76.374110 
3373.000000	76.374565 
3372.000000	76.374338 
3371.000000	76.372906 
3370.000000	76.370266 
3369.000000	76.367105 
3368.000000	76.364346 
3367.000000	76.362509 
3366.000000	76.361594 
3365.000000	76.361427 
3364.000000	76.361898 
3363.000000	76.362820 
3362.000000	76.363710 
3361.000000	76.363833 
3360.000000	76.362640 
3359.000000	76.360281 
3358.000000	76.357701 
3357.000000	76.355958 
3356.000000	76.355247 
3355.000000	76.354697 
3354.000000	76.353239 
3353.000000	76.350662 
3352.000000	76.347742 
3351.000000	76.345442 
3350.000000	76.344111 
3349.000000	76.343504 
3348.000000	76.343121 
3347.000000	76.342461 
3346.000000	76.341194 
3345.000000	76.339299 
3344.000000	76.337059 
3343.000000	76.334765 
3342.000000	76.332477 
3341.000000	76.330143 
3340.000000	76.327805 
3339.000000	76.325546 
3338.000000	76.323298 
3337.000000	76.320882 
3336.000000	76.318326 
3335.000000	76.315997 
3334.000000	76.314229 
3333.000000	76.312872 
3332.000000	76.311319 
3331.000000	76.309138 
3330.000000	76.306462 
3329.000000	76.303703 
3328.000000	76.300986 
3327.000000	76.298115 
3326.000000	76.295063 
3325.000000	76.292170 
3324.000000	76.289730 
3323.000000	76.287527 
3322.000000	76.284995 
3321.000000	76.281802 
3320.000000	76.278103 
3319.000000	76.274288 
3318.000000	76.270670 
3317.000000	76.267466 
3316.000000	76.264790 
3315.000000	76.262413 
3314.000000	76.259638 
3313.000000	76.255821 
3312.000000	76.251072 
3311.000000	76.246282 
3310.000000	76.242277 
3309.000000	76.239000 
3308.000000	76.235680 
3307.000000	76.231656 
3306.000000	76.226948 
3305.000000	76.222128 
3304.000000	76.217906 
3303.000000	76.214796 
3302.000000	76.212892 
3301.000000	76.211699 
3300.000000	76.210276 
3299.000000	76.207821 
3298.000000	76.204103 
3297.000000	76.199354 
3296.000000	76.193924 
3295.000000	76.188208 
3294.000000	76.182740 
3293.000000	76.178003 
3292.000000	76.174070 
3291.000000	76.170566 
3290.000000	76.166964 
3289.000000	76.162844 
3288.000000	76.157990 
3287.000000	76.152577 
3286.000000	76.147328 
3285.000000	76.143155 
3284.000000	76.140360 
3283.000000	76.138303 
3282.000000	76.135963 
3281.000000	76.132803 
3280.000000	76.128886 
3279.000000	76.124330 
3278.000000	76.118976 
3277.000000	76.112699 
3276.000000	76.105990 
3275.000000	76.100060 
3274.000000	76.096120 
3273.000000	76.094415 
3272.000000	76.093834 
3271.000000	76.092660 
3270.000000	76.090016 
3269.000000	76.086474 
3268.000000	76.083264 
3267.000000	76.080969 
3266.000000	76.079089 
3265.000000	76.076735 
3264.000000	76.073527 
3263.000000	76.069873 
3262.000000	76.066448 
3261.000000	76.063436 
3260.000000	76.060348 
3259.000000	76.056653 
3258.000000	76.052418 
3257.000000	76.048099 
3256.000000	76.043749 
3255.000000	76.038916 
3254.000000	76.033559 
3253.000000	76.028598 
3252.000000	76.025073 
3251.000000	76.023006 
3250.000000	76.021509 
3249.000000	76.019919 
3248.000000	76.018267 
3247.000000	76.016493 
3246.000000	76.013888 
3245.000000	76.009881 
3244.000000	76.004960 
3243.000000	76.000244 
3242.000000	75.996161 
3241.000000	75.992087 
3240.000000	75.987355 
3239.000000	75.982137 
3238.000000	75.977131 
3237.000000	75.972690 
3236.000000	75.968652 
3235.000000	75.964769 
3234.000000	75.960919 
3233.000000	75.956995 
3232.000000	75.953017 
3231.000000	75.949393 
3230.000000	75.946668 
3229.000000	75.944863 
3228.000000	75.943219 
3227.000000	75.940774 
3226.000000	75.937150 
3225.000000	75.932670 
3224.000000	75.928025 
3223.000000	75.923962 
3222.000000	75.921022 
3221.000000	75.919178 
3220.000000	75.917525 
3219.000000	75.914730 
3218.000000	75.910156 
3217.000000	75.904450 
3216.000000	75.899141 
3215.000000	75.895285 
3214.000000	75.892608 
3213.000000	75.889883 
3212.000000	75.886129 
3211.000000	75.881415 
3210.000000	75.876524 
3209.000000	75.872077 
3208.000000	75.868118 
3207.000000	75.864384 
3206.000000	75.860573 
3205.000000	75.856326 
3204.000000	75.851348 
3203.000000	75.845851 
3202.000000	75.840657 
3201.000000	75.836522 
3200.000000	75.833493 
3199.000000	75.831053 
3198.000000	75.828724 
3197.000000	75.826317 
3196.000000	75.823732 
3195.000000	75.820959 
3194.000000	75.818294 
3193.000000	75.816145 
3192.000000	75.814460 
3191.000000	75.812537 
3190.000000	75.809593 
3189.000000	75.805469 
3188.000000	75.800757 
3187.000000	75.796351 
3186.000000	75.792780 
3185.000000	75.789846 
3184.000000	75.786810 
3183.000000	75.783072 
3182.000000	75.778776 
3181.000000	75.774654 
3180.000000	75.771232 
3179.000000	75.768237 
3178.000000	75.764979 
3177.000000	75.761269 
3176.000000	75.757651 
3175.000000	75.754634 
3174.000000	75.752038 
3173.000000	75.749278 
3172.000000	75.746103 
3171.000000	75.742761 
3170.000000	75.739478 
3169.000000	75.736168 
3168.000000	75.732788 
3167.000000	75.729626 
3166.000000	75.726945 
3165.000000	75.724543 
3164.000000	75.721922 
3163.000000	75.718866 
3162.000000	75.715601 
3161.000000	75.712502 
3160.000000	75.709709 
3159.000000	75.707113 
3158.000000	75.704532 
3157.000000	75.701858 
3156.000000	75.699082 
3155.000000	75.696291 
3154.000000	75.693635 
3153.000000	75.691216 
3152.000000	75.688977 
3151.000000	75.686708 
3150.000000	75.684258 
3149.000000	75.681680 
3148.000000	75.679135 
3147.000000	75.676696 
3146.000000	75.674317 
3145.000000	75.671962 
3144.000000	75.669684 
3143.000000	75.667498 
3142.000000	75.665251 
3141.000000	75.662743 
3140.000000	75.660039 
3139.000000	75.657571 
3138.000000	75.655778 
3137.000000	75.654657 
3136.000000	75.653662 
3135.000000	75.652171 
3134.000000	75.650026 
3133.000000	75.647581 
3132.000000	75.645328 
3131.000000	75.643426 
3130.000000	75.641656 
3129.000000	75.639834 
3128.000000	75.638208 
3127.000000	75.637214 
3126.000000	75.636812 
3125.000000	75.636291 
3124.000000	75.634930 
3123.000000	75.632686 
3122.000000	75.630024 
3121.000000	75.627181 
3120.000000	75.624040 
3119.000000	75.620803 
3118.000000	75.618355 
3117.000000	75.617545 
3116.000000	75.618298 
3115.000000	75.619669 
3114.000000	75.620582 
3113.000000	75.620355 
3112.000000	75.618800 
3111.000000	75.616307 
3110.000000	75.613923 
3109.000000	75.612885 
3108.000000	75.613673 
3107.000000	75.615472 
3106.000000	75.616728 
3105.000000	75.616458 
3104.000000	75.614856 
3103.000000	75.612768 
3102.000000	75.610843 
3101.000000	75.609361 
3100.000000	75.608534 
3099.000000	75.608390 
3098.000000	75.608397 
3097.000000	75.607705 
3096.000000	75.605864 
3095.000000	75.602978 
3094.000000	75.599187 
3093.000000	75.594499 
3092.000000	75.589482 
3091.000000	75.585573 
3090.000000	75.584052 
3089.000000	75.584895 
3088.000000	75.586842 
3087.000000	75.588449 
3086.000000	75.588913 
3085.000000	75.588072 
3084.000000	75.586261 
3083.000000	75.584291 
3082.000000	75.583005 
3081.000000	75.582608 
3080.000000	75.582677 
3079.000000	75.582918 
3078.000000	75.583550 
3077.000000	75.584771 
3076.000000	75.586179 
3075.000000	75.586912 
3074.000000	75.586249 
3073.000000	75.584175 
3072.000000	75.581723 
3071.000000	75.580594 
3070.000000	75.581745 
3069.000000	75.584142 
3068.000000	75.585490 
3067.000000	75.584733 
3066.000000	75.583363 
3065.000000	75.583830 
3064.000000	75.586898 
3063.000000	75.590916 
3062.000000	75.593198 
3061.000000	75.591856 
3060.000000	75.587032 
3059.000000	75.581437 
3058.000000	75.578792 
3057.000000	75.580318 
3056.000000	75.582983 
3055.000000	75.582614 
3054.000000	75.578965 
3053.000000	75.575947 
3052.000000	75.576495 
3051.000000	75.579106 
3050.000000	75.580428 
3049.000000	75.579737 
3048.000000	75.579174 
3047.000000	75.580413 
3046.000000	75.583005 
3045.000000	75.585776 
3044.000000	75.588213 
3043.000000	75.590336 
3042.000000	75.592466 
3041.000000	75.595311 
3040.000000	75.599250 
3039.000000	75.603168 
3038.000000	75.605004 
3037.000000	75.604242 
3036.000000	75.603356 
3035.000000	75.605893 
3034.000000	75.613029 
3033.000000	75.622456 
3032.000000	75.630881 
3031.000000	75.637271 
3030.000000	75.643083 
3029.000000	75.649486 
3028.000000	75.655513 
3027.000000	75.659579 
3026.000000	75.661864 
3025.000000	75.663956 
3024.000000	75.666462 
3023.000000	75.668654 
3022.000000	75.670858 
3021.000000	75.675403 
3020.000000	75.683890 
3019.000000	75.694630 
3018.000000	75.704467 
3017.000000	75.712710 
3016.000000	75.721328 
3015.000000	75.731257 
3014.000000	75.740771 
3013.000000	75.748286 
3012.000000	75.754867 
3011.000000	75.762507 
3010.000000	75.771408 
3009.000000	75.780746 
3008.000000	75.791066 
3007.000000	75.803670 
3006.000000	75.817732 
3005.000000	75.830309 
3004.000000	75.840037 
3003.000000	75.849035 
3002.000000	75.860064 
3001.000000	75.873396 
3000.000000	75.887880 
2999.000000	75.903717 
2998.000000	75.921805 
2997.000000	75.940680 
2996.000000	75.956711 
2995.000000	75.968570 
2994.000000	75.980247 
2993.000000	75.998173 
2992.000000	76.025501 
2991.000000	76.059470 
2990.000000	76.093816 
2989.000000	76.123547 
2988.000000	76.148177 
2987.000000	76.171280 
2986.000000	76.197000 
2985.000000	76.226527 
2984.000000	76.257669 
2983.000000	76.287404 
2982.000000	76.314368 
2981.000000	76.339225 
2980.000000	76.363458 
2979.000000	76.387771 
2978.000000	76.410887 
2977.000000	76.430010 
2976.000000	76.443495 
2975.000000	76.453194 
2974.000000	76.462525 
2973.000000	76.471155 
2972.000000	76.472656 
2971.000000	76.459099 
2970.000000	76.427941 
2969.000000	76.384133 
2968.000000	76.336413 
2967.000000	76.292317 
2966.000000	76.255556 
2965.000000	76.225595 
2964.000000	76.198585 
2963.000000	76.170140 
2962.000000	76.138917 
2961.000000	76.107809 
2960.000000	76.081489 
2959.000000	76.063021 
2958.000000	76.052601 
2957.000000	76.048257 
2956.000000	76.046772 
2955.000000	76.044623 
2954.000000	76.039582 
2953.000000	76.032110 
2952.000000	76.024693 
2951.000000	76.019177 
2950.000000	76.014668 
2949.000000	76.008314 
2948.000000	75.998419 
2947.000000	75.986948 
2946.000000	75.978954 
2945.000000	75.979234 
2944.000000	75.988964 
2943.000000	76.004997 
2942.000000	76.022241 
2941.000000	76.037052 
2940.000000	76.048761 
2939.000000	76.058580 
2938.000000	76.067559 
2937.000000	76.075770 
2936.000000	76.083001 
2935.000000	76.089683 
2934.000000	76.097009 
2933.000000	76.106222 
2932.000000	76.117466 
2931.000000	76.128935 
2930.000000	76.137441 
2929.000000	76.140523 
2928.000000	76.138249 
2927.000000	76.132761 
2926.000000	76.126408 
2925.000000	76.120860 
2924.000000	76.117385 
2923.000000	76.116112 
2922.000000	76.114735 
2921.000000	76.109892 
2920.000000	76.100927 
2919.000000	76.090914 
2918.000000	76.082691 
2917.000000	76.075154 
2916.000000	76.065132 
2915.000000	76.051977 
2914.000000	76.038428 
2913.000000	76.027514 
2912.000000	76.020378 
2911.000000	76.016693 
2910.000000	76.014976 
2909.000000	76.012355 
2908.000000	76.006484 
2907.000000	75.998878 
2906.000000	75.994645 
2905.000000	75.997516 
2904.000000	76.006168 
2903.000000	76.015937 
2902.000000	76.022972 
2901.000000	76.025707 
2900.000000	76.023462 
2899.000000	76.015845 
2898.000000	76.003808 
2897.000000	75.990173 
2896.000000	75.978421 
2895.000000	75.970845 
2894.000000	75.967393 
2893.000000	75.965572 
2892.000000	75.961950 
2891.000000	75.954882 
2890.000000	75.945851 
2889.000000	75.937636 
2888.000000	75.931406 
2887.000000	75.926261 
2886.000000	75.921151 
2885.000000	75.916022 
2884.000000	75.911004 
2883.000000	75.905691 
2882.000000	75.899865 
2881.000000	75.894202 
2880.000000	75.889438 
2879.000000	75.885154 
2878.000000	75.880132 
2877.000000	75.873798 
2876.000000	75.866569 
2875.000000	75.858631 
2874.000000	75.849153 
2873.000000	75.837434 
2872.000000	75.824658 
2871.000000	75.813800 
2870.000000	75.807272 
2869.000000	75.804705 
2868.000000	75.802989 
2867.000000	75.798720 
2866.000000	75.790817 
2865.000000	75.780665 
2864.000000	75.770167 
2863.000000	75.760017 
2862.000000	75.750121 
2861.000000	75.740944 
2860.000000	75.733364 
2859.000000	75.727235 
2858.000000	75.721126 
2857.000000	75.713896 
2856.000000	75.705659 
2855.000000	75.696634 
2854.000000	75.686160 
2853.000000	75.674159 
2852.000000	75.662785 
2851.000000	75.654546 
2850.000000	75.648611 
2849.000000	75.640916 
2848.000000	75.628931 
2847.000000	75.614850 
2846.000000	75.602743 
2845.000000	75.593784 
2844.000000	75.586055 
2843.000000	75.578127 
2842.000000	75.570494 
2841.000000	75.563348 
2840.000000	75.555285 
2839.000000	75.545400 
2838.000000	75.535185 
2837.000000	75.526954 
2836.000000	75.521167 
2835.000000	75.516410 
2834.000000	75.511315 
2833.000000	75.505367 
2832.000000	75.498192 
2831.000000	75.489479 
2830.000000	75.480016 
2829.000000	75.471825 
2828.000000	75.466572 
2827.000000	75.464014 
2826.000000	75.462425 
2825.000000	75.460565 
2824.000000	75.458607 
2823.000000	75.456874 
2822.000000	75.454314 
2821.000000	75.449117 
2820.000000	75.441065 
2819.000000	75.432631 
2818.000000	75.427093 
2817.000000	75.425755 
2816.000000	75.427291 
2815.000000	75.429116 
2814.000000	75.428914 
2813.000000	75.425557 
2812.000000	75.419835 
2811.000000	75.414281 
2810.000000	75.411105 
2809.000000	75.409993 
2808.000000	75.408631 
2807.000000	75.405539 
2806.000000	75.401457 
2805.000000	75.397777 
2804.000000	75.394827 
2803.000000	75.392408 
2802.000000	75.390914 
2801.000000	75.390914 
2800.000000	75.392036 
2799.000000	75.393025 
2798.000000	75.392806 
2797.000000	75.391066 
2796.000000	75.388099 
2795.000000	75.384561 
2794.000000	75.381170 
2793.000000	75.378251 
2792.000000	75.375751 
2791.000000	75.373889 
2790.000000	75.373338 
2789.000000	75.374344 
2788.000000	75.375940 
2787.000000	75.376598 
2786.000000	75.375710 
2785.000000	75.374021 
2784.000000	75.372669 
2783.000000	75.372061 
2782.000000	75.371724 
2781.000000	75.371004 
2780.000000	75.369740 
2779.000000	75.368306 
2778.000000	75.367146 
2777.000000	75.366326 
2776.000000	75.365523 
2775.000000	75.364365 
2774.000000	75.362776 
2773.000000	75.361042 
2772.000000	75.359530 
2771.000000	75.358277 
2770.000000	75.356901 
2769.000000	75.355049 
2768.000000	75.352929 
2767.000000	75.351228 
2766.000000	75.350379 
2765.000000	75.350154 
2764.000000	75.349976 
2763.000000	75.349501 
2762.000000	75.348782 
2761.000000	75.347940 
2760.000000	75.346976 
2759.000000	75.345889 
2758.000000	75.344789 
2757.000000	75.343828 
2756.000000	75.343074 
2755.000000	75.342470 
2754.000000	75.341859 
2753.000000	75.341084 
2752.000000	75.340114 
2751.000000	75.339086 
2750.000000	75.338189 
2749.000000	75.337463 
2748.000000	75.336787 
2747.000000	75.336078 
2746.000000	75.335427 
2745.000000	75.334944 
2744.000000	75.334524 
2743.000000	75.333880 
2742.000000	75.332851 
2741.000000	75.331569 
2740.000000	75.330343 
2739.000000	75.329350 
2738.000000	75.328562 
2737.000000	75.327897 
2736.000000	75.327368 
2735.000000	75.327048 
2734.000000	75.326912 
2733.000000	75.326767 
2732.000000	75.326373 
2731.000000	75.325658 
2730.000000	75.324779 
2729.000000	75.323935 
2728.000000	75.323136 
2727.000000	75.322279 
2726.000000	75.321400 
2725.000000	75.320701 
2724.000000	75.320254 
2723.000000	75.319802 
2722.000000	75.318967 
2721.000000	75.317551 
2720.000000	75.315603 
2719.000000	75.313374 
2718.000000	75.311344 
2717.000000	75.310161 
2716.000000	75.310249 
2715.000000	75.311347 
2714.000000	75.312518 
2713.000000	75.312869 
2712.000000	75.312227 
2711.000000	75.310937 
2710.000000	75.309282 
2709.000000	75.307368 
2708.000000	75.305488 
2707.000000	75.304179 
2706.000000	75.303635 
2705.000000	75.303348 
2704.000000	75.302663 
2703.000000	75.301510 
2702.000000	75.300278 
2701.000000	75.299077 
2700.000000	75.297525 
2699.000000	75.295321 
2698.000000	75.292712 
2697.000000	75.290315 
2696.000000	75.288694 
2695.000000	75.288050 
2694.000000	75.287996 
2693.000000	75.287521 
2692.000000	75.285605 
2691.000000	75.282179 
2690.000000	75.278424 
2689.000000	75.275777 
2688.000000	75.274618 
2687.000000	75.274213 
2686.000000	75.273746 
2685.000000	75.273081 
2684.000000	75.272397 
2683.000000	75.271567 
2682.000000	75.270375 
2681.000000	75.269133 
2680.000000	75.268530 
2679.000000	75.268738 
2678.000000	75.269065 
2677.000000	75.268784 
2676.000000	75.267998 
2675.000000	75.267251 
2674.000000	75.266609 
2673.000000	75.265733 
2672.000000	75.264812 
2671.000000	75.264624 
2670.000000	75.265382 
2669.000000	75.266059 
2668.000000	75.265417 
2667.000000	75.263377 
2666.000000	75.261021 
2665.000000	75.259475 
2664.000000	75.259053 
2663.000000	75.259547 
2662.000000	75.260642 
2661.000000	75.261848 
2660.000000	75.262528 
2659.000000	75.262349 
2658.000000	75.261497 
2657.000000	75.260285 
2656.000000	75.258813 
2655.000000	75.257217 
2654.000000	75.255906 
2653.000000	75.255157 
2652.000000	75.254693 
2651.000000	75.254018 
2650.000000	75.253026 
2649.000000	75.252014 
2648.000000	75.251205 
2647.000000	75.250585 
2646.000000	75.250137 
2645.000000	75.249929 
2644.000000	75.249932 
2643.000000	75.249933 
2642.000000	75.249659 
2641.000000	75.248986 
2640.000000	75.248094 
2639.000000	75.247413 
2638.000000	75.247193 
2637.000000	75.247041 
2636.000000	75.246139 
2635.000000	75.244164 
2634.000000	75.241781 
2633.000000	75.239982 
2632.000000	75.239009 
2631.000000	75.238350 
2630.000000	75.237615 
2629.000000	75.237000 
2628.000000	75.236852 
2627.000000	75.237206 
2626.000000	75.237910 
2625.000000	75.238857 
2624.000000	75.239855 
2623.000000	75.240444 
2622.000000	75.240057 
2621.000000	75.238552 
2620.000000	75.236648 
2619.000000	75.235616 
2618.000000	75.236142 
2617.000000	75.237493 
2616.000000	75.238087 
2615.000000	75.237137 
2614.000000	75.235304 
2613.000000	75.233764 
2612.000000	75.232840 
2611.000000	75.231971 
2610.000000	75.230753 
2609.000000	75.229425 
2608.000000	75.228229 
2607.000000	75.226775 
2606.000000	75.224460 
2605.000000	75.221469 
2604.000000	75.218977 
2603.000000	75.218000 
2602.000000	75.218176 
2601.000000	75.218117 
2600.000000	75.217170 
2599.000000	75.216374 
2598.000000	75.217116 
2597.000000	75.219285 
2596.000000	75.221346 
2595.000000	75.222161 
2594.000000	75.222034 
2593.000000	75.221823 
2592.000000	75.221708 
2591.000000	75.221208 
2590.000000	75.219992 
2589.000000	75.218329 
2588.000000	75.216921 
2587.000000	75.216401 
2586.000000	75.216699 
2585.000000	75.216851 
2584.000000	75.215862 
2583.000000	75.213827 
2582.000000	75.211685 
2581.000000	75.209849 
2580.000000	75.207944 
2579.000000	75.206236 
2578.000000	75.206171 
2577.000000	75.208612 
2576.000000	75.212316 
2575.000000	75.214921 
2574.000000	75.215516 
2573.000000	75.215131 
2572.000000	75.215058 
2571.000000	75.215543 
2570.000000	75.216136 
2569.000000	75.216497 
2568.000000	75.216456 
2567.000000	75.215884 
2566.000000	75.215067 
2565.000000	75.214873 
2564.000000	75.215976 
2563.000000	75.217905 
2562.000000	75.219249 
2561.000000	75.218969 
2560.000000	75.217316 
2559.000000	75.215474 
2558.000000	75.214309 
2557.000000	75.213618 
2556.000000	75.212677 
2555.000000	75.211292 
2554.000000	75.210040 
2553.000000	75.209463 
2552.000000	75.209458 
2551.000000	75.209693 
2550.000000	75.210196 
2549.000000	75.211057 
2548.000000	75.211785 
2547.000000	75.211658 
2546.000000	75.210784 
2545.000000	75.210196 
2544.000000	75.210561 
2543.000000	75.211165 
2542.000000	75.210688 
2541.000000	75.208751 
2540.000000	75.206323 
2539.000000	75.204616 
2538.000000	75.203912 
2537.000000	75.203623 
2536.000000	75.203109 
2535.000000	75.202099 
2534.000000	75.200452 
2533.000000	75.198021 
2532.000000	75.195112 
2531.000000	75.192800 
2530.000000	75.192213 
2529.000000	75.193543 
2528.000000	75.195898 
2527.000000	75.198089 
2526.000000	75.199470 
2525.000000	75.199985 
2524.000000	75.199856 
2523.000000	75.199480 
2522.000000	75.199334 
2521.000000	75.199616 
2520.000000	75.199972 
2519.000000	75.199724 
2518.000000	75.198466 
2517.000000	75.196468 
2516.000000	75.194536 
2515.000000	75.193387 
2514.000000	75.193028 
2513.000000	75.192786 
2512.000000	75.192081 
2511.000000	75.191032 
2510.000000	75.190137 
2509.000000	75.189564 
2508.000000	75.189064 
2507.000000	75.188439 
2506.000000	75.187688 
2505.000000	75.186727 
2504.000000	75.185448 
2503.000000	75.184167 
2502.000000	75.183580 
2501.000000	75.184019 
2500.000000	75.185017 
2499.000000	75.185718 
2498.000000	75.185603 
2497.000000	75.184616 
2496.000000	75.182921 
2495.000000	75.180890 
2494.000000	75.179104 
2493.000000	75.177988 
2492.000000	75.177477 
2491.000000	75.177256 
2490.000000	75.177166 
2489.000000	75.177126 
2488.000000	75.176838 
2487.000000	75.175992 
2486.000000	75.174775 
2485.000000	75.173815 
2484.000000	75.173502 
2483.000000	75.173578 
2482.000000	75.173519 
2481.000000	75.173123 
2480.000000	75.172591 
2479.000000	75.172167 
2478.000000	75.171853 
2477.000000	75.171456 
2476.000000	75.170842 
2475.000000	75.170119 
2474.000000	75.169532 
2473.000000	75.169227 
2472.000000	75.169228 
2471.000000	75.169680 
2470.000000	75.170835 
2469.000000	75.172527 
2468.000000	75.173824 
2467.000000	75.173674 
2466.000000	75.171893 
2465.000000	75.169366 
2464.000000	75.167224 
2463.000000	75.165806 
2462.000000	75.164619 
2461.000000	75.163111 
2460.000000	75.161315 
2459.000000	75.159790 
2458.000000	75.159009 
2457.000000	75.158926 
2456.000000	75.159152 
2455.000000	75.159415 
2454.000000	75.159717 
2453.000000	75.160046 
2452.000000	75.160127 
2451.000000	75.159615 
2450.000000	75.158567 
2449.000000	75.157631 
2448.000000	75.157607 
2447.000000	75.158706 
2446.000000	75.160180 
2445.000000	75.160855 
2444.000000	75.160307 
2443.000000	75.159232 
2442.000000	75.158613 
2441.000000	75.158510 
2440.000000	75.158154 
2439.000000	75.157111 
2438.000000	75.155824 
2437.000000	75.154955 
2436.000000	75.154618 
2435.000000	75.154509 
2434.000000	75.154434 
2433.000000	75.154351 
2432.000000	75.154102 
2431.000000	75.153477 
2430.000000	75.152528 
2429.000000	75.151579 
2428.000000	75.150892 
2427.000000	75.150481 
2426.000000	75.150244 
2425.000000	75.150122 
2424.000000	75.150108 
2423.000000	75.150172 
2422.000000	75.150171 
2421.000000	75.149863 
2420.000000	75.149154 
2419.000000	75.148371 
2418.000000	75.148072 
2417.000000	75.148511 
2416.000000	75.149442 
2415.000000	75.150360 
2414.000000	75.150917 
2413.000000	75.150927 
2412.000000	75.150358 
2411.000000	75.149575 
2410.000000	75.149156 
2409.000000	75.149306 
2408.000000	75.149620 
2407.000000	75.149578 
2406.000000	75.149137 
2405.000000	75.148608 
2404.000000	75.148178 
2403.000000	75.147736 
2402.000000	75.147205 
2401.000000	75.146732 
2400.000000	75.146457 
2399.000000	75.146284 
2398.000000	75.145985 
2397.000000	75.145449 
2396.000000	75.144759 
2395.000000	75.144080 
2394.000000	75.143497 
2393.000000	75.143013 
2392.000000	75.142599 
2391.000000	75.142244 
2390.000000	75.141936 
2389.000000	75.141640 
2388.000000	75.141347 
2387.000000	75.141077 
2386.000000	75.140841 
2385.000000	75.140618 
2384.000000	75.140409 
2383.000000	75.140245 
2382.000000	75.140125 
2381.000000	75.139977 
2380.000000	75.139736 
2379.000000	75.139436 
2378.000000	75.139167 
2377.000000	75.138971 
2376.000000	75.138836 
2375.000000	75.138755 
2374.000000	75.138748 
2373.000000	75.138817 
2372.000000	75.138932 
2371.000000	75.139058 
2370.000000	75.139180 
2369.000000	75.139302 
2368.000000	75.139435 
2367.000000	75.139604 
2366.000000	75.139837 
2365.000000	75.140151 
2364.000000	75.140548 
2363.000000	75.141020 
2362.000000	75.141557 
2361.000000	75.142152 
2360.000000	75.142805 
2359.000000	75.143510 
2358.000000	75.144262 
2357.000000	75.145052 
2356.000000	75.145879 
2355.000000	75.146743 
2354.000000	75.147635 
2353.000000	75.148537 
2352.000000	75.149467 
2351.000000	75.150483 
2350.000000	75.151615 
2349.000000	75.152812 
2348.000000	75.153968 
2347.000000	75.154994 
2346.000000	75.155923 
2345.000000	75.156960 
2344.000000	75.158270 
2343.000000	75.159825 
2342.000000	75.161352 
2341.000000	75.162533 
2340.000000	75.163156 
2339.000000	75.163356 
2338.000000	75.163621 
2337.000000	75.164391 
2336.000000	75.165814 
2335.000000	75.167567 
2334.000000	75.169168 
2333.000000	75.170375 
2332.000000	75.171474 
2331.000000	75.172263 
2330.000000	75.172185 
2329.000000	75.170912 
2328.000000	75.169517 
2327.000000	75.168986 
2326.000000	75.169630 
2325.000000	75.171168 
2324.000000	75.173585 
2323.000000	75.176734 
2322.000000	75.180115 
2321.000000	75.183189 
2320.000000	75.185676 
2319.000000	75.186905 
2318.000000	75.186521 
2317.000000	75.184596 
2316.000000	75.182184 
2315.000000	75.179865 
2314.000000	75.178431 
2313.000000	75.178230 
2312.000000	75.179419 
2311.000000	75.180325 
2310.000000	75.179151 
2309.000000	75.175302 
2308.000000	75.170394 
2307.000000	75.166121 
2306.000000	75.163402 
2305.000000	75.162282 
2304.000000	75.162802 
2303.000000	75.164283 
2302.000000	75.165735 
2301.000000	75.166100 
2300.000000	75.165166 
2299.000000	75.162829 
2298.000000	75.159620 
2297.000000	75.156376 
2296.000000	75.154181 
2295.000000	75.152925 
2294.000000	75.151744 
2293.000000	75.149791 
2292.000000	75.147190 
2291.000000	75.144303 
2290.000000	75.141409 
2289.000000	75.138954 
2288.000000	75.137557 
2287.000000	75.137244 
2286.000000	75.137095 
2285.000000	75.136299 
2284.000000	75.134935 
2283.000000	75.133684 
2282.000000	75.132990 
2281.000000	75.132954 
2280.000000	75.133409 
2279.000000	75.133904 
2278.000000	75.133862 
2277.000000	75.133238 
2276.000000	75.132726 
2275.000000	75.132894 
2274.000000	75.133287 
2273.000000	75.132695 
2272.000000	75.130444 
2271.000000	75.127096 
2270.000000	75.124074 
2269.000000	75.122410 
2268.000000	75.122084 
2267.000000	75.122315 
2266.000000	75.122274 
2265.000000	75.121680 
2264.000000	75.120771 
2263.000000	75.119841 
2262.000000	75.118967 
2261.000000	75.118162 
2260.000000	75.117501 
2259.000000	75.117014 
2258.000000	75.116619 
2257.000000	75.116395 
2256.000000	75.116611 
2255.000000	75.117314 
2254.000000	75.118084 
2253.000000	75.118462 
2252.000000	75.118497 
2251.000000	75.118526 
2250.000000	75.118610 
2249.000000	75.118507 
2248.000000	75.118146 
2247.000000	75.117756 
2246.000000	75.117498 
2245.000000	75.117306 
2244.000000	75.117165 
2243.000000	75.117257 
2242.000000	75.117667 
2241.000000	75.118182 
2240.000000	75.118477 
2239.000000	75.118471 
2238.000000	75.118329 
2237.000000	75.118267 
2236.000000	75.118339 
2235.000000	75.118474 
2234.000000	75.118611 
2233.000000	75.118745 
2232.000000	75.118889 
2231.000000	75.119054 
2230.000000	75.119260 
2229.000000	75.119521 
2228.000000	75.119811 
2227.000000	75.120090 
2226.000000	75.120352 
2225.000000	75.120622 
2224.000000	75.120932 
2223.000000	75.121295 
2222.000000	75.121706 
2221.000000	75.122152 
2220.000000	75.122622 
2219.000000	75.123099 
2218.000000	75.123557 
2217.000000	75.123975 
2216.000000	75.124352 
2215.000000	75.124709 
2214.000000	75.125066 
2213.000000	75.125433 
2212.000000	75.125817 
2211.000000	75.126226 
2210.000000	75.126670 
2209.000000	75.127159 
2208.000000	75.127711 
2207.000000	75.128337 
2206.000000	75.128988 
2205.000000	75.129538 
2204.000000	75.129892 
2203.000000	75.130063 
2202.000000	75.130176 
2201.000000	75.130377 
2200.000000	75.130750 
2199.000000	75.131290 
2198.000000	75.131873 
2197.000000	75.132322 
2196.000000	75.132557 
2195.000000	75.132685 
2194.000000	75.132911 
2193.000000	75.133360 
2192.000000	75.133995 
2191.000000	75.134697 
2190.000000	75.135325 
2189.000000	75.135779 
2188.000000	75.136097 
2187.000000	75.136514 
2186.000000	75.137266 
2185.000000	75.138292 
2184.000000	75.139185 
2183.000000	75.139606 
2182.000000	75.139607 
2181.000000	75.139525 
2180.000000	75.139605 
2179.000000	75.139838 
2178.000000	75.140072 
2177.000000	75.140129 
2176.000000	75.139934 
2175.000000	75.139630 
2174.000000	75.139508 
2173.000000	75.139714 
2172.000000	75.140104 
2171.000000	75.140435 
2170.000000	75.140666 
2169.000000	75.140943 
2168.000000	75.141332 
2167.000000	75.141719 
2166.000000	75.141976 
2165.000000	75.142135 
2164.000000	75.142319 
2163.000000	75.142584 
2162.000000	75.142853 
2161.000000	75.143015 
2160.000000	75.143051 
2159.000000	75.143080 
2158.000000	75.143257 
2157.000000	75.143594 
2156.000000	75.143938 
2155.000000	75.144158 
2154.000000	75.144308 
2153.000000	75.144530 
2152.000000	75.144845 
2151.000000	75.145141 
2150.000000	75.145354 
2149.000000	75.145552 
2148.000000	75.145819 
2147.000000	75.146134 
2146.000000	75.146409 
2145.000000	75.146612 
2144.000000	75.146799 
2143.000000	75.147036 
2142.000000	75.147325 
2141.000000	75.147633 
2140.000000	75.147946 
2139.000000	75.148271 
2138.000000	75.148620 
2137.000000	75.148991 
2136.000000	75.149380 
2135.000000	75.149781 
2134.000000	75.150192 
2133.000000	75.150604 
2132.000000	75.151005 
2131.000000	75.151389 
2130.000000	75.151750 
2129.000000	75.152087 
2128.000000	75.152404 
2127.000000	75.152704 
2126.000000	75.152991 
2125.000000	75.153269 
2124.000000	75.153539 
2123.000000	75.153805 
2122.000000	75.154074 
2121.000000	75.154351 
2120.000000	75.154636 
2119.000000	75.154926 
2118.000000	75.155214 
2117.000000	75.155500 
2116.000000	75.155789 
2115.000000	75.156084 
2114.000000	75.156390 
2113.000000	75.156704 
2112.000000	75.157019 
2111.000000	75.157326 
2110.000000	75.157617 
2109.000000	75.157890 
2108.000000	75.158147 
2107.000000	75.158395 
2106.000000	75.158640 
2105.000000	75.158884 
2104.000000	75.159127 
2103.000000	75.159364 
2102.000000	75.159593 
2101.000000	75.159815 
2100.000000	75.160033 
2099.000000	75.160244 
2098.000000	75.160444 
2097.000000	75.160626 
2096.000000	75.160784 
2095.000000	75.160912 
2094.000000	75.161026 
2093.000000	75.161152 
2092.000000	75.161269 
2091.000000	75.161309 
2090.000000	75.161218 
2089.000000	75.161018 
2088.000000	75.160825 
2087.000000	75.160804 
2086.000000	75.161091 
2085.000000	75.161659 
2084.000000	75.162248 
2083.000000	75.162594 
2082.000000	75.162684 
2081.000000	75.162710 
2080.000000	75.162788 
2079.000000	75.162879 
2078.000000	75.163010 
2077.000000	75.163296 
2076.000000	75.163686 
2075.000000	75.163970 
2074.000000	75.164101 
2073.000000	75.164187 
2072.000000	75.164064 
2071.000000	75.163319 
2070.000000	75.161897 
2069.000000	75.160393 
2068.000000	75.159504 
2067.000000	75.159397 
2066.000000	75.159796 
2065.000000	75.160445 
2064.000000	75.161219 
2063.000000	75.161931 
2062.000000	75.162308 
2061.000000	75.162151 
2060.000000	75.161367 
2059.000000	75.159962 
2058.000000	75.158121 
2057.000000	75.156199 
2056.000000	75.154519 
2055.000000	75.153255 
2054.000000	75.152619 
2053.000000	75.152907 
2052.000000	75.154109 
2051.000000	75.155639 
2050.000000	75.156714 
2049.000000	75.157031 
2048.000000	75.156851 
2047.000000	75.156445 
2046.000000	75.155657 
2045.000000	75.154151 
2044.000000	75.152007 
2043.000000	75.149928 
2042.000000	75.148718 
2041.000000	75.148527 
2040.000000	75.148631 
2039.000000	75.148098 
2038.000000	75.146782 
2037.000000	75.145460 
2036.000000	75.144954 
2035.000000	75.145304 
2034.000000	75.145905 
2033.000000	75.146310 
2032.000000	75.146660 
2031.000000	75.147222 
2030.000000	75.147759 
2029.000000	75.147638 
2028.000000	75.146543 
2027.000000	75.144879 
2026.000000	75.143429 
2025.000000	75.142646 
2024.000000	75.142330 
2023.000000	75.141966 
2022.000000	75.141246 
2021.000000	75.140244 
2020.000000	75.139187 
2019.000000	75.138162 
2018.000000	75.137122 
2017.000000	75.136103 
2016.000000	75.135357 
2015.000000	75.135210 
2014.000000	75.135775 
2013.000000	75.136772 
2012.000000	75.137574 
2011.000000	75.137552 
2010.000000	75.136492 
2009.000000	75.134759 
2008.000000	75.133081 
2007.000000	75.131999 
2006.000000	75.131523 
2005.000000	75.131347 
2004.000000	75.131266 
2003.000000	75.131322 
2002.000000	75.131590 
2001.000000	75.131958 
2000.000000	75.132185 
1999.000000	75.131944 
1998.000000	75.130952 
1997.000000	75.129247 
1996.000000	75.127482 
1995.000000	75.126598 
1994.000000	75.126930 
1993.000000	75.127806 
1992.000000	75.128277 
1991.000000	75.128330 
1990.000000	75.128771 
1989.000000	75.129949 
1988.000000	75.131193 
1987.000000	75.131647 
1986.000000	75.131281 
1985.000000	75.130796 
1984.000000	75.130820 
1983.000000	75.131570 
1982.000000	75.133005 
1981.000000	75.134781 
1980.000000	75.136211 
1979.000000	75.136636 
1978.000000	75.136183 
1977.000000	75.135857 
1976.000000	75.136689 
1975.000000	75.138834 
1974.000000	75.141388 
1973.000000	75.143028 
1972.000000	75.143026 
1971.000000	75.141883 
1970.000000	75.140998 
1969.000000	75.141367 
1968.000000	75.142712 
1967.000000	75.144162 
1966.000000	75.145646 
1965.000000	75.147970 
1964.000000	75.151458 
1963.000000	75.155238 
1962.000000	75.158180 
1961.000000	75.160111 
1960.000000	75.161645 
1959.000000	75.163119 
1958.000000	75.164204 
1957.000000	75.164573 
1956.000000	75.164450 
1955.000000	75.164253 
1954.000000	75.163949 
1953.000000	75.163056 
1952.000000	75.161258 
1951.000000	75.159168 
1950.000000	75.157973 
1949.000000	75.158364 
1948.000000	75.159994 
1947.000000	75.162018 
1946.000000	75.164091 
1945.000000	75.166562 
1944.000000	75.169609 
1943.000000	75.172550 
1942.000000	75.174321 
1941.000000	75.174549 
1940.000000	75.173944 
1939.000000	75.173760 
1938.000000	75.174786 
1937.000000	75.176591 
1936.000000	75.177637 
1935.000000	75.176638 
1934.000000	75.174175 
1933.000000	75.172546 
1932.000000	75.173346 
1931.000000	75.175759 
1930.000000	75.177463 
1929.000000	75.177445 
1928.000000	75.177054 
1927.000000	75.177756 
1926.000000	75.179375 
1925.000000	75.180345 
1924.000000	75.179953 
1923.000000	75.179210 
1922.000000	75.179625 
1921.000000	75.181749 
1920.000000	75.184937 
1919.000000	75.187356 
1918.000000	75.186738 
1917.000000	75.182448 
1916.000000	75.176543 
1915.000000	75.171509 
1914.000000	75.167887 
1913.000000	75.164711 
1912.000000	75.161538 
1911.000000	75.159272 
1910.000000	75.158660 
1909.000000	75.159054 
1908.000000	75.158943 
1907.000000	75.157090 
1906.000000	75.153461 
1905.000000	75.148818 
1904.000000	75.144764 
1903.000000	75.142860 
1902.000000	75.143139 
1901.000000	75.144235 
1900.000000	75.144891 
1899.000000	75.144716 
1898.000000	75.143865 
1897.000000	75.142132 
1896.000000	75.139309 
1895.000000	75.135925 
1894.000000	75.133113 
1893.000000	75.131935 
1892.000000	75.132749 
1891.000000	75.134674 
1890.000000	75.135982 
1889.000000	75.135871 
1888.000000	75.135315 
1887.000000	75.135372 
1886.000000	75.135781 
1885.000000	75.135984 
1884.000000	75.136724 
1883.000000	75.139058 
1882.000000	75.141794 
1881.000000	75.142211 
1880.000000	75.139574 
1879.000000	75.136231 
1878.000000	75.134959 
1877.000000	75.136052 
1876.000000	75.138094 
1875.000000	75.140675 
1874.000000	75.144331 
1873.000000	75.148369 
1872.000000	75.150807 
1871.000000	75.150456 
1870.000000	75.148234 
1869.000000	75.146638 
1868.000000	75.147817 
1867.000000	75.151483 
1866.000000	75.155365 
1865.000000	75.157852 
1864.000000	75.159376 
1863.000000	75.161538 
1862.000000	75.165148 
1861.000000	75.169338 
1860.000000	75.172808 
1859.000000	75.175435 
1858.000000	75.178097 
1857.000000	75.181323 
1856.000000	75.184900 
1855.000000	75.188476 
1854.000000	75.191759 
1853.000000	75.194438 
1852.000000	75.196576 
1851.000000	75.197959 
1850.000000	75.198591 
1849.000000	75.198926 
1848.000000	75.199535 
1847.000000	75.200587 
1846.000000	75.202002 
1845.000000	75.203947 
1844.000000	75.207064 
1843.000000	75.211957 
1842.000000	75.217674 
1841.000000	75.222609 
1840.000000	75.225953 
1839.000000	75.227533 
1838.000000	75.227898 
1837.000000	75.227911 
1836.000000	75.228372 
1835.000000	75.229321 
1834.000000	75.230165 
1833.000000	75.231104 
1832.000000	75.233334 
1831.000000	75.236623 
1830.000000	75.238893 
1829.000000	75.238742 
1828.000000	75.237244 
1827.000000	75.236441 
1826.000000	75.236810 
1825.000000	75.236903 
1824.000000	75.236232 
1823.000000	75.236785 
1822.000000	75.239969 
1821.000000	75.244250 
1820.000000	75.247075 
1819.000000	75.248413 
1818.000000	75.250041 
1817.000000	75.251501 
1816.000000	75.251223 
1815.000000	75.250060 
1814.000000	75.250028 
1813.000000	75.251085 
1812.000000	75.251524 
1811.000000	75.252125 
1810.000000	75.254820 
1809.000000	75.258478 
1808.000000	75.261473 
1807.000000	75.265300 
1806.000000	75.272164 
1805.000000	75.280945 
1804.000000	75.288076 
1803.000000	75.291283 
1802.000000	75.290592 
1801.000000	75.288095 
1800.000000	75.285980 
1799.000000	75.286569 
1798.000000	75.290443 
1797.000000	75.295239 
1796.000000	75.298525 
1795.000000	75.301145 
1794.000000	75.306071 
1793.000000	75.314243 
1792.000000	75.323068 
1791.000000	75.330316 
1790.000000	75.334175 
1789.000000	75.334789 
1788.000000	75.336583 
1787.000000	75.344582 
1786.000000	75.358295 
1785.000000	75.370958 
1784.000000	75.377373 
1783.000000	75.379796 
1782.000000	75.382801 
1781.000000	75.387740 
1780.000000	75.391008 
1779.000000	75.391415 
1778.000000	75.392460 
1777.000000	75.396768 
1776.000000	75.402459 
1775.000000	75.407464 
1774.000000	75.415841 
1773.000000	75.433472 
1772.000000	75.457841 
1771.000000	75.481234 
1770.000000	75.501884 
1769.000000	75.522203 
1768.000000	75.542730 
1767.000000	75.560960 
1766.000000	75.575441 
1765.000000	75.588499 
1764.000000	75.603476 
1763.000000	75.622972 
1762.000000	75.647274 
1761.000000	75.673240 
1760.000000	75.695498 
1759.000000	75.714601 
1758.000000	75.736143 
1757.000000	75.763431 
1756.000000	75.791483 
1755.000000	75.813723 
1754.000000	75.832199 
1753.000000	75.852612 
1752.000000	75.874494 
1751.000000	75.892390 
1750.000000	75.907360 
1749.000000	75.924668 
1748.000000	75.944348 
1747.000000	75.961777 
1746.000000	75.976778 
1745.000000	75.993245 
1744.000000	76.009714 
1743.000000	76.021137 
1742.000000	76.027091 
1741.000000	76.032112 
1740.000000	76.037487 
1739.000000	76.039745 
1738.000000	76.035868 
1737.000000	76.025467 
1736.000000	76.008186 
1735.000000	75.981073 
1734.000000	75.945168 
1733.000000	75.917746 
1732.000000	75.908749 
1731.000000	75.910516 
1730.000000	75.913916 
1729.000000	75.913436 
1728.000000	75.906649 
1727.000000	75.893941 
1726.000000	75.878837 
1725.000000	75.864889 
1724.000000	75.851518 
1723.000000	75.837409 
1722.000000	75.822165 
1721.000000	75.805773 
1720.000000	75.788035 
1719.000000	75.768231 
1718.000000	75.745238 
1717.000000	75.720047 
1716.000000	75.698602 
1715.000000	75.684647 
1714.000000	75.674103 
1713.000000	75.660168 
1712.000000	75.640888 
1711.000000	75.618369 
1710.000000	75.593867 
1709.000000	75.567788 
1708.000000	75.542063 
1707.000000	75.519181 
1706.000000	75.499623 
1705.000000	75.480534 
1704.000000	75.460523 
1703.000000	75.441286 
1702.000000	75.426190 
1701.000000	75.413825 
1700.000000	75.397047 
1699.000000	75.383495 
1698.000000	75.381062 
1697.000000	75.386527 
1696.000000	75.393808 
1695.000000	75.398216 
1694.000000	75.398477 
1693.000000	75.394680 
1692.000000	75.388341 
1691.000000	75.382733 
1690.000000	75.379771 
1689.000000	75.377639 
1688.000000	75.373087 
1687.000000	75.366814 
1686.000000	75.366941 
1685.000000	75.374907 
1684.000000	75.378880 
1683.000000	75.376446 
1682.000000	75.373005 
1681.000000	75.371554 
1680.000000	75.372266 
1679.000000	75.373299 
1678.000000	75.375629 
1677.000000	75.382996 
1676.000000	75.394348 
1675.000000	75.402668 
1674.000000	75.406494 
1673.000000	75.411256 
1672.000000	75.416843 
1671.000000	75.419317 
1670.000000	75.417162 
1669.000000	75.416716 
1668.000000	75.422142 
1667.000000	75.427429 
1666.000000	75.427713 
1665.000000	75.424750 
1664.000000	75.422281 
1663.000000	75.422131 
1662.000000	75.424023 
1661.000000	75.428450 
1660.000000	75.434175 
1659.000000	75.438478 
1658.000000	75.440609 
1657.000000	75.441882 
1656.000000	75.442783 
1655.000000	75.442780 
1654.000000	75.440062 
1653.000000	75.433399 
1652.000000	75.431891 
1651.000000	75.437390 
1650.000000	75.443473 
1649.000000	75.446861 
1648.000000	75.447416 
1647.000000	75.445856 
1646.000000	75.444284 
1645.000000	75.444272 
1644.000000	75.445219 
1643.000000	75.445940 
1642.000000	75.445600 
1641.000000	75.444529 
1640.000000	75.443622 
1639.000000	75.443268 
1638.000000	75.443267 
1637.000000	75.443169 
1636.000000	75.442706 
1635.000000	75.442192 
1634.000000	75.442467 
1633.000000	75.442963 
1632.000000	75.443000 
1631.000000	75.442763 
1630.000000	75.442803 
1629.000000	75.443360 
1628.000000	75.444055 
1627.000000	75.444050 
1626.000000	75.442723 
1625.000000	75.440672 
1624.000000	75.439164 
1623.000000	75.439024 
1622.000000	75.439851 
1621.000000	75.440613 
1620.000000	75.440290 
1619.000000	75.438798 
1618.000000	75.437483 
1617.000000	75.437766 
1616.000000	75.440003 
1615.000000	75.442564 
1614.000000	75.443526 
1613.000000	75.443442 
1612.000000	75.444296 
1611.000000	75.446307 
1610.000000	75.447518 
1609.000000	75.447568 
1608.000000	75.448033 
1607.000000	75.448864 
1606.000000	75.448423 
1605.000000	75.447299 
1604.000000	75.447205 
1603.000000	75.448321 
1602.000000	75.449886 
1601.000000	75.451656 
1600.000000	75.453854 
1599.000000	75.456215 
1598.000000	75.458726 
1597.000000	75.461851 
1596.000000	75.465559 
1595.000000	75.469257 
1594.000000	75.472520 
1593.000000	75.475442 
1592.000000	75.477901 
1591.000000	75.479534 
1590.000000	75.480678 
1589.000000	75.482406 
1588.000000	75.485042 
1587.000000	75.487691 
1586.000000	75.489652 
1585.000000	75.491594 
1584.000000	75.494537 
1583.000000	75.497936 
1582.000000	75.501053 
1581.000000	75.504215 
1580.000000	75.507719 
1579.000000	75.510808 
1578.000000	75.513045 
1577.000000	75.514809 
1576.000000	75.516523 
1575.000000	75.518410 
1574.000000	75.520349 
1573.000000	75.522140 
1572.000000	75.523837 
1571.000000	75.525808 
1570.000000	75.528245 
1569.000000	75.531293 
1568.000000	75.534615 
1567.000000	75.537195 
1566.000000	75.539009 
1565.000000	75.540837 
1564.000000	75.542990 
1563.000000	75.544602 
1562.000000	75.545215 
1561.000000	75.545861 
1560.000000	75.547587 
1559.000000	75.548424 
1558.000000	75.549737 
1557.000000	75.553899 
1556.000000	75.558529 
1555.000000	75.561193 
1554.000000	75.561818 
1553.000000	75.562860 
1552.000000	75.565731 
1551.000000	75.569304 
1550.000000	75.572068 
1549.000000	75.573672 
1548.000000	75.574811 
1547.000000	75.575723 
1546.000000	75.576261 
1545.000000	75.576568 
1544.000000	75.577341 
1543.000000	75.578875 
1542.000000	75.581033 
1541.000000	75.582277 
1540.000000	75.580668 
1539.000000	75.578213 
1538.000000	75.577991 
1537.000000	75.579334 
1536.000000	75.580365 
1535.000000	75.580419 
1534.000000	75.580443 
1533.000000	75.582215 
1532.000000	75.585228 
1531.000000	75.586878 
1530.000000	75.586240 
1529.000000	75.584537 
1528.000000	75.583765 
1527.000000	75.585322 
1526.000000	75.588845 
1525.000000	75.592424 
1524.000000	75.594211 
1523.000000	75.594241 
1522.000000	75.594332 
1521.000000	75.596516 
1520.000000	75.600758 
1519.000000	75.605135 
1518.000000	75.609511 
1517.000000	75.614754 
1516.000000	75.620096 
1515.000000	75.623927 
1514.000000	75.626515 
1513.000000	75.629477 
1512.000000	75.632711 
1511.000000	75.635512 
1510.000000	75.638137 
1509.000000	75.641971 
1508.000000	75.647866 
1507.000000	75.654345 
1506.000000	75.657719 
1505.000000	75.657375 
1504.000000	75.657338 
1503.000000	75.660057 
1502.000000	75.665624 
1501.000000	75.673091 
1500.000000	75.680545 
1499.000000	75.686907 
1498.000000	75.693329 
1497.000000	75.700211 
1496.000000	75.705097 
1495.000000	75.706770 
1494.000000	75.706820 
1493.000000	75.707320 
1492.000000	75.709325 
1491.000000	75.713501 
1490.000000	75.720338 
1489.000000	75.728827 
1488.000000	75.736182 
1487.000000	75.742281 
1486.000000	75.748716 
1485.000000	75.755725 
1484.000000	75.762510 
1483.000000	75.767422 
1482.000000	75.770210 
1481.000000	75.772512 
1480.000000	75.777493 
1479.000000	75.787487 
1478.000000	75.801551 
1477.000000	75.814286 
1476.000000	75.820464 
1475.000000	75.821619 
1474.000000	75.824152 
1473.000000	75.832450 
1472.000000	75.843426 
1471.000000	75.852431 
1470.000000	75.859618 
1469.000000	75.867346 
1468.000000	75.875709 
1467.000000	75.883683 
1466.000000	75.891847 
1465.000000	75.902291 
1464.000000	75.914060 
1463.000000	75.923051 
1462.000000	75.928219 
1461.000000	75.932038 
1460.000000	75.937652 
1459.000000	75.947301 
1458.000000	75.962377 
1457.000000	75.979587 
1456.000000	75.991010 
1455.000000	75.993856 
1454.000000	75.992885 
1453.000000	75.991587 
1452.000000	75.988735 
1451.000000	75.983439 
1450.000000	75.978605 
1449.000000	75.977266 
1448.000000	75.977736 
1447.000000	75.976796 
1446.000000	75.974879 
1445.000000	75.975523 
1444.000000	75.978529 
1443.000000	75.980268 
1442.000000	75.978759 
1441.000000	75.975763 
1440.000000	75.974301 
1439.000000	75.976491 
1438.000000	75.983078 
1437.000000	75.990239 
1436.000000	75.991871 
1435.000000	75.987978 
1434.000000	75.985045 
1433.000000	75.987581 
1432.000000	75.994579 
1431.000000	76.001505 
1430.000000	76.005278 
1429.000000	76.006053 
1428.000000	76.005481 
1427.000000	76.006056 
1426.000000	76.010056 
1425.000000	76.017796 
1424.000000	76.025035 
1423.000000	76.027572 
1422.000000	76.027299 
1421.000000	76.029165 
1420.000000	76.033430 
1419.000000	76.035393 
1418.000000	76.036467 
1417.000000	76.041712 
1416.000000	76.050677 
1415.000000	76.058980 
1414.000000	76.063435 
1413.000000	76.064944 
1412.000000	76.066744 
1411.000000	76.071483 
1410.000000	76.079676 
1409.000000	76.089181 
1408.000000	76.097057 
1407.000000	76.102612 
1406.000000	76.107349 
1405.000000	76.113422 
1404.000000	76.119452 
1403.000000	76.121676 
1402.000000	76.119696 
1401.000000	76.116372 
1400.000000	76.113632 
1399.000000	76.112265 
1398.000000	76.115303 
1397.000000	76.126513 
1396.000000	76.146161 
1395.000000	76.168383 
1394.000000	76.184618 
1393.000000	76.191851 
1392.000000	76.193301 
1391.000000	76.194195 
1390.000000	76.199367 
1389.000000	76.212706 
1388.000000	76.235646 
1387.000000	76.265894 
1386.000000	76.298088 
1385.000000	76.328198 
1384.000000	76.355096 
1383.000000	76.378850 
1382.000000	76.400125 
1381.000000	76.419242 
1380.000000	76.434429 
1379.000000	76.442774 
1378.000000	76.444947 
1377.000000	76.445865 
1376.000000	76.448764 
1375.000000	76.451179 
1374.000000	76.448982 
1373.000000	76.441142 
1372.000000	76.427686 
1371.000000	76.408998 
1370.000000	76.388724 
1369.000000	76.374303 
1368.000000	76.370655 
1367.000000	76.374066 
1366.000000	76.375454 
1365.000000	76.368369 
1364.000000	76.352059 
1363.000000	76.331209 
1362.000000	76.312718 
1361.000000	76.299515 
1360.000000	76.289817 
1359.000000	76.282461 
1358.000000	76.278872 
1357.000000	76.279562 
1356.000000	76.280746 
1355.000000	76.277114 
1354.000000	76.267570 
1353.000000	76.255278 
1352.000000	76.242524 
1351.000000	76.229412 
1350.000000	76.216719 
1349.000000	76.206226 
1348.000000	76.197153 
1347.000000	76.186784 
1346.000000	76.175260 
1345.000000	76.165768 
1344.000000	76.158715 
1343.000000	76.149782 
1342.000000	76.135503 
1341.000000	76.118007 
1340.000000	76.102560 
1339.000000	76.091609 
1338.000000	76.083057 
1337.000000	76.074039 
1336.000000	76.063852 
1335.000000	76.053637 
1334.000000	76.045430 
1333.000000	76.040883 
1332.000000	76.039401 
1331.000000	76.038145 
1330.000000	76.034589 
1329.000000	76.028510 
1328.000000	76.021467 
1327.000000	76.015479 
1326.000000	76.011946 
1325.000000	76.010005 
1324.000000	76.006154 
1323.000000	75.997403 
1322.000000	75.984955 
1321.000000	75.973156 
1320.000000	75.964689 
1319.000000	75.958824 
1318.000000	75.954369 
1317.000000	75.951870 
1316.000000	75.951535 
1315.000000	75.951244 
1314.000000	75.948735 
1313.000000	75.944708 
1312.000000	75.941737 
1311.000000	75.940601 
1310.000000	75.939438 
1309.000000	75.936260 
1308.000000	75.931123 
1307.000000	75.925888 
1306.000000	75.922486 
1305.000000	75.921281 
1304.000000	75.920680 
1303.000000	75.918440 
1302.000000	75.913768 
1301.000000	75.907882 
1300.000000	75.902351 
1299.000000	75.897491 
1298.000000	75.892695 
1297.000000	75.887766 
1296.000000	75.883219 
1295.000000	75.879431 
1294.000000	75.875975 
1293.000000	75.871978 
1292.000000	75.867121 
1291.000000	75.862154 
1290.000000	75.858233 
1289.000000	75.855623 
1288.000000	75.853322 
1287.000000	75.850155 
1286.000000	75.846065 
1285.000000	75.842094 
1284.000000	75.839335 
1283.000000	75.838152 
1282.000000	75.837988 
1281.000000	75.837565 
1280.000000	75.835609 
1279.000000	75.831912 
1278.000000	75.827574 
1277.000000	75.823989 
1276.000000	75.821820 
1275.000000	75.820933 
1274.000000	75.820972 
1273.000000	75.821316 
1272.000000	75.820206 
1271.000000	75.815633 
1270.000000	75.808230 
1269.000000	75.801842 
1268.000000	75.800055 
1267.000000	75.803080 
1266.000000	75.808259 
1265.000000	75.812145 
1264.000000	75.811673 
1263.000000	75.805379 
1262.000000	75.794925 
1261.000000	75.784499 
1260.000000	75.777657 
1259.000000	75.774701 
1258.000000	75.773410 
1257.000000	75.771760 
1256.000000	75.769446 
1255.000000	75.767476 
1254.000000	75.766724 
1253.000000	75.766537 
1252.000000	75.764975 
1251.000000	75.761004 
1250.000000	75.755872 
1249.000000	75.751188 
1248.000000	75.746277 
1247.000000	75.739154 
1246.000000	75.730136 
1245.000000	75.722852 
1244.000000	75.721212 
1243.000000	75.726087 
1242.000000	75.734686 
1241.000000	75.742462 
1240.000000	75.746505 
1239.000000	75.748730 
1238.000000	75.755204 
1237.000000	75.770199 
1236.000000	75.791096 
1235.000000	75.811335 
1234.000000	75.828218 
1233.000000	75.844474 
1232.000000	75.860870 
1231.000000	75.870859 
1230.000000	75.866193 
1229.000000	75.846502 
1228.000000	75.819953 
1227.000000	75.793994 
1226.000000	75.767413 
1225.000000	75.733056 
1224.000000	75.687980 
1223.000000	75.639956 
1222.000000	75.603618 
1221.000000	75.589868 
1220.000000	75.597825 
1219.000000	75.614384 
1218.000000	75.620704 
1217.000000	75.602120 
1216.000000	75.555875 
1215.000000	75.491859 
1214.000000	75.425056 
1213.000000	75.365271 
1212.000000	75.313868 
1211.000000	75.268417 
1210.000000	75.226744 
1209.000000	75.186433 
1208.000000	75.144775 
1207.000000	75.101843 
1206.000000	75.061203 
1205.000000	75.024848 
1204.000000	74.988801 
1203.000000	74.946103 
1202.000000	74.893499 
1201.000000	74.833687 
1200.000000	74.772053 
1199.000000	74.712757 
1198.000000	74.656958 
1197.000000	74.603114 
1196.000000	74.549147 
1195.000000	74.494866 
1194.000000	74.441774 
1193.000000	74.390706 
1192.000000	74.341290 
1191.000000	74.293832 
1190.000000	74.249598 
1189.000000	74.208474 
1188.000000	74.168322 
1187.000000	74.127433 
1186.000000	74.085762 
1185.000000	74.043093 
1184.000000	73.998567 
1183.000000	73.953523 
1182.000000	73.912284 
1181.000000	73.877614 
1180.000000	73.846665 
1179.000000	73.813229 
1178.000000	73.772845 
1177.000000	73.724195 
1176.000000	73.667482 
1175.000000	73.604454 
1174.000000	73.539268 
1173.000000	73.476331 
1172.000000	73.417033 
1171.000000	73.360155 
1170.000000	73.304837 
1169.000000	73.251471 
1168.000000	73.200071 
1167.000000	73.149770 
1166.000000	73.100930 
1165.000000	73.057293 
1164.000000	73.025618 
1163.000000	73.012697 
1162.000000	73.021364 
1161.000000	73.047921 
1160.000000	73.083005 
1159.000000	73.115728 
1158.000000	73.138202 
1157.000000	73.146961 
1156.000000	73.141296 
1155.000000	73.121950 
1154.000000	73.091688 
1153.000000	73.055262 
1152.000000	73.016984 
1151.000000	72.978004 
1150.000000	72.936587 
1149.000000	72.891438 
1148.000000	72.844342 
1147.000000	72.798707 
1146.000000	72.755562 
1145.000000	72.712365 
1144.000000	72.666648 
1143.000000	72.619592 
1142.000000	72.574427 
1141.000000	72.531938 
1140.000000	72.489338 
1139.000000	72.443479 
1138.000000	72.393696 
1137.000000	72.341525 
1136.000000	72.289141 
1135.000000	72.238366 
1134.000000	72.189777 
1133.000000	72.142177 
1132.000000	72.093631 
1131.000000	72.043076 
1130.000000	71.990471 
1129.000000	71.935975 
1128.000000	71.880089 
1127.000000	71.824139 
1126.000000	71.769332 
1125.000000	71.715543 
1124.000000	71.662040 
1123.000000	71.609023 
1122.000000	71.557653 
1121.000000	71.509638 
1120.000000	71.467741 
1119.000000	71.434764 
1118.000000	71.409379 
1117.000000	71.383800 
1116.000000	71.348635 
1115.000000	71.301166 
1114.000000	71.247843 
1113.000000	71.198553 
1112.000000	71.159551 
1111.000000	71.130987 
1110.000000	71.108197 
1109.000000	71.084792 
1108.000000	71.056640 
1107.000000	71.024455 
1106.000000	70.992424 
1105.000000	70.964340 
1104.000000	70.941376 
1103.000000	70.922760 
1102.000000	70.907201 
1101.000000	70.893731 
1100.000000	70.882239 
1099.000000	70.873032 
1098.000000	70.865275 
1097.000000	70.856197 
1096.000000	70.842891 
1095.000000	70.824543 
1094.000000	70.801636 
1093.000000	70.773256 
1092.000000	70.737298 
1091.000000	70.694085 
1090.000000	70.647964 
1089.000000	70.603644 
1088.000000	70.561656 
1087.000000	70.519042 
1086.000000	70.473995 
1085.000000	70.428154 
1084.000000	70.384346 
1083.000000	70.343604 
1082.000000	70.305086 
1081.000000	70.267904 
1080.000000	70.232068 
1079.000000	70.197955 
1078.000000	70.165510 
1077.000000	70.133805 
1076.000000	70.101131 
1075.000000	70.066217 
1074.000000	70.029780 
1073.000000	69.993474 
1072.000000	69.956063 
1071.000000	69.912497 
1070.000000	69.859672 
1069.000000	69.802234 
1068.000000	69.748690 
1067.000000	69.700796 
1066.000000	69.650343 
1065.000000	69.588974 
1064.000000	69.518821 
1063.000000	69.451536 
1062.000000	69.399656 
1061.000000	69.371227 
1060.000000	69.369089 
1059.000000	69.389601 
1058.000000	69.421940 
1057.000000	69.452643 
1056.000000	69.471967 
1055.000000	69.475526 
1054.000000	69.462458 
1053.000000	69.433706 
1052.000000	69.388786 
1051.000000	69.321821 
1050.000000	69.225329 
1049.000000	69.102146 
1048.000000	68.968556 
1047.000000	68.839023 
1046.000000	68.711149 
1045.000000	68.572633 
1044.000000	68.420190 
1043.000000	68.264132 
1042.000000	68.115052 
1041.000000	67.973802 
1040.000000	67.836747 
1039.000000	67.703784 
1038.000000	67.577403 
1037.000000	67.459211 
1036.000000	67.351102 
1035.000000	67.255553 
1034.000000	67.171806 
1033.000000	67.096215 
1032.000000	67.029522 
1031.000000	66.979470 
1030.000000	66.952145 
1029.000000	66.942693 
1028.000000	66.936665 
1027.000000	66.919476 
1026.000000	66.885392 
1025.000000	66.840852 
1024.000000	66.800220 
1023.000000	66.775564 
1022.000000	66.768062 
1021.000000	66.768722 
1020.000000	66.765953 
1019.000000	66.751580 
1018.000000	66.723969 
1017.000000	66.690437 
1016.000000	66.664475 
1015.000000	66.654662 
1014.000000	66.655693 
1013.000000	66.653675 
1012.000000	66.639307 
1011.000000	66.612808 
1010.000000	66.579711 
1009.000000	66.548296 
1008.000000	66.528871 
1007.000000	66.527112 
1006.000000	66.536670 
1005.000000	66.544337 
1004.000000	66.543561 
1003.000000	66.538079 
1002.000000	66.533128 
1001.000000	66.530057 
1000.000000	66.530402 
999.000000	 66.538092 
998.000000	 66.554410 
997.000000	 66.575341 
996.000000	 66.596267 
995.000000	 66.615970 
994.000000	 66.635195 
993.000000	 66.655121 
992.000000	 66.678164 
991.000000	 66.706481 
990.000000	 66.738679 
989.000000	 66.771149 
988.000000	 66.803124 
987.000000	 66.837453 
986.000000	 66.876471 
985.000000	 66.920148 
984.000000	 66.968207 
983.000000	 67.021688 
982.000000	 67.083118 
981.000000	 67.156277 
980.000000	 67.242475 
979.000000	 67.334496 
978.000000	 67.419146 
977.000000	 67.491401 
976.000000	 67.562348 
975.000000	 67.647086 
974.000000	 67.747653 
973.000000	 67.853352 
972.000000	 67.954662 
971.000000	 68.050073 
970.000000	 68.141885 
969.000000	 68.233626 
968.000000	 68.331283 
967.000000	 68.439256 
966.000000	 68.553760 
965.000000	 68.666109 
964.000000	 68.773350 
963.000000	 68.880021 
962.000000	 68.988829 
961.000000	 69.095587 
960.000000	 69.195267 
959.000000	 69.288180 
958.000000	 69.377790 
957.000000	 69.465767 
956.000000	 69.551188 
955.000000	 69.632137 
954.000000	 69.706618 
953.000000	 69.773903 
952.000000	 69.836083 
951.000000	 69.897023 
950.000000	 69.959287 
949.000000	 70.022849 
948.000000	 70.085970 
947.000000	 70.145647 
946.000000	 70.198201 
945.000000	 70.241752 
944.000000	 70.277876 
943.000000	 70.309636 
942.000000	 70.338934 
941.000000	 70.366944 
940.000000	 70.395253 
939.000000	 70.424635 
938.000000	 70.454409 
937.000000	 70.484710 
936.000000	 70.517226 
935.000000	 70.551698 
934.000000	 70.584761 
933.000000	 70.615213 
932.000000	 70.647016 
931.000000	 70.682996 
930.000000	 70.718941 
929.000000	 70.749629 
928.000000	 70.777943 
927.000000	 70.810929 
926.000000	 70.848046 
925.000000	 70.881489 
924.000000	 70.909206 
923.000000	 70.939359 
922.000000	 70.977904 
921.000000	 71.018215 
920.000000	 71.048886 
919.000000	 71.068445 
918.000000	 71.086707 
917.000000	 71.112713 
916.000000	 71.146205 
915.000000	 71.181245 
914.000000	 71.214625 
913.000000	 71.249152 
912.000000	 71.289941 
911.000000	 71.338758 
910.000000	 71.392415 
909.000000	 71.447241 
908.000000	 71.504761 
907.000000	 71.571440 
906.000000	 71.652643 
905.000000	 71.748443 
904.000000	 71.855711 
903.000000	 71.971921 
902.000000	 72.094579 
901.000000	 72.217612 
900.000000	 72.331556 
899.000000	 72.430514 
898.000000	 72.519010 
897.000000	 72.609839 
896.000000	 72.712970 
895.000000	 72.826908 
894.000000	 72.941303 
893.000000	 73.046576 
892.000000	 73.139866 
891.000000	 73.224394 
890.000000	 73.307085 
889.000000	 73.396311 
888.000000	 73.497618 
887.000000	 73.609175 
886.000000	 73.722309 
885.000000	 73.827701 
884.000000	 73.920839 
883.000000	 74.002013 
882.000000	 74.072797 
881.000000	 74.133113 
880.000000	 74.181080 
879.000000	 74.215621 
878.000000	 74.239106 
877.000000	 74.256860 
876.000000	 74.274637 
875.000000	 74.297216 
874.000000	 74.327767 
873.000000	 74.365787 
872.000000	 74.406526 
871.000000	 74.446383 
870.000000	 74.489053 
869.000000	 74.542130 
868.000000	 74.606787 
867.000000	 74.675266 
866.000000	 74.740472 
865.000000	 74.803501 
864.000000	 74.868403 
863.000000	 74.933744 
862.000000	 74.994094 
861.000000	 75.047098 
860.000000	 75.094197 
859.000000	 75.136367 
858.000000	 75.173817 
857.000000	 75.208677 
856.000000	 75.243770 
855.000000	 75.279437 
854.000000	 75.314701 
853.000000	 75.349604 
852.000000	 75.382242 
851.000000	 75.406077 
850.000000	 75.416909 
849.000000	 75.422234 
848.000000	 75.436533 
847.000000	 75.464393 
846.000000	 75.493392 
845.000000	 75.507417 
844.000000	 75.503249 
843.000000	 75.490584 
842.000000	 75.479173 
841.000000	 75.470870 
840.000000	 75.462613 
839.000000	 75.450587 
838.000000	 75.430013 
837.000000	 75.397241 
836.000000	 75.357349 
835.000000	 75.326139 
834.000000	 75.316639 
833.000000	 75.322137 
832.000000	 75.318871 
831.000000	 75.289646 
830.000000	 75.242262 
829.000000	 75.201494 
828.000000	 75.185796 
827.000000	 75.195964 
826.000000	 75.221786 
825.000000	 75.249933 
824.000000	 75.264801 
823.000000	 75.253226 
822.000000	 75.216726 
821.000000	 75.173947 
820.000000	 75.144437 
819.000000	 75.131478 
818.000000	 75.122672 
817.000000	 75.103790 
816.000000	 75.068461 
815.000000	 75.016745 
814.000000	 74.949894 
813.000000	 74.868556 
812.000000	 74.772622 
811.000000	 74.658271 
810.000000	 74.514876 
809.000000	 74.329622 
808.000000	 74.100026 
807.000000	 73.841396 
806.000000	 73.577400 
805.000000	 73.321897 
804.000000	 73.073289 
803.000000	 72.826667 
802.000000	 72.587159 
801.000000	 72.370525 
800.000000	 72.194708 
799.000000	 72.072296 
798.000000	 72.007188 
797.000000	 71.994894 
796.000000	 72.025157 
795.000000	 72.084043 
794.000000	 72.155539 
793.000000	 72.226370 
792.000000	 72.292667 
791.000000	 72.359526 
790.000000	 72.429302 
789.000000	 72.489785 
788.000000	 72.517944 
787.000000	 72.498157 
786.000000	 72.435324 
785.000000	 72.348500 
784.000000	 72.254521 
783.000000	 72.160600 
782.000000	 72.069383 
781.000000	 71.985925 
780.000000	 71.919547 
779.000000	 71.881806 
778.000000	 71.882356 
777.000000	 71.923681 
776.000000	 71.998604 
775.000000	 72.094780 
774.000000	 72.203481 
773.000000	 72.323240 
772.000000	 72.453899 
771.000000	 72.588730 
770.000000	 72.714970 
769.000000	 72.822282 
768.000000	 72.909333 
767.000000	 72.982346 
766.000000	 73.048268 
765.000000	 73.109185 
764.000000	 73.162890 
763.000000	 73.208480 
762.000000	 73.249966 
761.000000	 73.292612 
760.000000	 73.336706 
759.000000	 73.377827 
758.000000	 73.413289 
757.000000	 73.445634 
756.000000	 73.479564 
755.000000	 73.518271 
754.000000	 73.563395 
753.000000	 73.615619 
752.000000	 73.673906 
751.000000	 73.735874 
750.000000	 73.799556 
749.000000	 73.862778 
748.000000	 73.921522 
747.000000	 73.973133 
746.000000	 74.021903 
745.000000	 74.076782 
744.000000	 74.141266 
743.000000	 74.209690 
742.000000	 74.276143 
741.000000	 74.342590 
740.000000	 74.414349 
739.000000	 74.491271 
738.000000	 74.567512 
737.000000	 74.637237 
736.000000	 74.696602 
735.000000	 74.742554 
734.000000	 74.774998 
733.000000	 74.800358 
732.000000	 74.828765 
731.000000	 74.866331 
730.000000	 74.912218 
729.000000	 74.963059 
728.000000	 75.014970 
727.000000	 75.062398 
726.000000	 75.101404 
725.000000	 75.132930 
724.000000	 75.159890 
723.000000	 75.183042 
722.000000	 75.203272 
721.000000	 75.226130 
720.000000	 75.258937 
719.000000	 75.302630 
718.000000	 75.349769 
717.000000	 75.390574 
716.000000	 75.419318 
715.000000	 75.436073 
714.000000	 75.444673 
713.000000	 75.448658 
712.000000	 75.447687 
711.000000	 75.439616 
710.000000	 75.426945 
709.000000	 75.418684 
708.000000	 75.420068 
707.000000	 75.423913 
706.000000	 75.418352 
705.000000	 75.398128 
704.000000	 75.362478 
703.000000	 75.307491 
702.000000	 75.225997 
701.000000	 75.115491 
700.000000	 74.983088 
699.000000	 74.838487 
698.000000	 74.689326 
697.000000	 74.546524 
696.000000	 74.431244 
695.000000	 74.373672 
694.000000	 74.395719 
693.000000	 74.492970 
692.000000	 74.633502 
691.000000	 74.774621 
690.000000	 74.890356 
689.000000	 74.981794 
688.000000	 75.061831 
687.000000	 75.137281 
686.000000	 75.204603 
685.000000	 75.259915 
684.000000	 75.307822 
683.000000	 75.357988 
682.000000	 75.418961 
681.000000	 75.494863 
680.000000	 75.581960 
679.000000	 75.665229 
678.000000	 75.726002 
677.000000	 75.763920 
676.000000	 75.798756 
675.000000	 75.848303 
674.000000	 75.909886 
673.000000	 75.966304 
672.000000	 75.999972 
671.000000	 75.999506 
670.000000	 75.956668 
669.000000	 75.887208 
668.000000	 75.879498 
667.000000	 75.997863 
666.000000	 76.168070 
665.000000	 76.333316 
664.000000	 76.485474 
663.000000	 76.615504 
662.000000	 76.718614 
661.000000	 76.807275 
660.000000	 76.892899 
659.000000	 76.970847 
658.000000	 77.036952 
657.000000	 77.102465 
656.000000	 77.169617 
655.000000	 77.220056 
654.000000	 77.246754 
653.000000	 77.269350 
652.000000	 77.300954 
651.000000	 77.332225 
650.000000	 77.360305 

