4000.000000	81.023349 
3999.000000	81.022442 
3998.000000	81.020814 
3997.000000	81.018013 
3996.000000	81.014430 
3995.000000	81.010850 
3994.000000	81.007592 
3993.000000	81.004676 
3992.000000	81.002112 
3991.000000	81.000042 
3990.000000	80.998564 
3989.000000	80.997441 
3988.000000	80.996143 
3987.000000	80.994349 
3986.000000	80.992226 
3985.000000	80.990170 
3984.000000	80.988315 
3983.000000	80.986366 
3982.000000	80.983995 
3981.000000	80.981254 
3980.000000	80.978493 
3979.000000	80.975986 
3978.000000	80.973704 
3977.000000	80.971386 
3976.000000	80.968813 
3975.000000	80.966011 
3974.000000	80.963224 
3973.000000	80.960686 
3972.000000	80.958389 
3971.000000	80.956166 
3970.000000	80.953859 
3969.000000	80.951433 
3968.000000	80.948944 
3967.000000	80.946456 
3966.000000	80.943999 
3965.000000	80.941557 
3964.000000	80.939106 
3963.000000	80.936633 
3962.000000	80.934151 
3961.000000	80.931678 
3960.000000	80.929229 
3959.000000	80.926816 
3958.000000	80.924435 
3957.000000	80.922068 
3956.000000	80.919693 
3955.000000	80.917293 
3954.000000	80.914863 
3953.000000	80.912407 
3952.000000	80.909933 
3951.000000	80.907448 
3950.000000	80.904959 
3949.000000	80.902473 
3948.000000	80.899994 
3947.000000	80.897528 
3946.000000	80.895075 
3945.000000	80.892642 
3944.000000	80.890226 
3943.000000	80.887819 
3942.000000	80.885401 
3941.000000	80.882953 
3940.000000	80.880464 
3939.000000	80.877940 
3938.000000	80.875393 
3937.000000	80.872843 
3936.000000	80.870309 
3935.000000	80.867802 
3934.000000	80.865319 
3933.000000	80.862843 
3932.000000	80.860344 
3931.000000	80.857798 
3930.000000	80.855197 
3929.000000	80.852548 
3928.000000	80.849864 
3927.000000	80.847166 
3926.000000	80.844478 
3925.000000	80.841795 
3924.000000	80.839082 
3923.000000	80.836267 
3922.000000	80.833277 
3921.000000	80.830155 
3920.000000	80.827094 
3919.000000	80.824264 
3918.000000	80.821701 
3917.000000	80.819391 
3916.000000	80.817291 
3915.000000	80.815223 
3914.000000	80.812937 
3913.000000	80.810395 
3912.000000	80.807702 
3911.000000	80.804892 
3910.000000	80.801858 
3909.000000	80.798773 
3908.000000	80.796047 
3907.000000	80.793923 
3906.000000	80.792140 
3905.000000	80.790140 
3904.000000	80.787539 
3903.000000	80.784308 
3902.000000	80.780617 
3901.000000	80.776745 
3900.000000	80.773118 
3899.000000	80.770089 
3898.000000	80.767705 
3897.000000	80.765737 
3896.000000	80.763958 
3895.000000	80.762338 
3894.000000	80.760684 
3893.000000	80.758653 
3892.000000	80.756042 
3891.000000	80.753205 
3890.000000	80.750481 
3889.000000	80.747648 
3888.000000	80.744440 
3887.000000	80.741265 
3886.000000	80.738935 
3885.000000	80.737645 
3884.000000	80.736577 
3883.000000	80.734979 
3882.000000	80.733055 
3881.000000	80.731337 
3880.000000	80.729930 
3879.000000	80.728564 
3878.000000	80.726969 
3877.000000	80.725139 
3876.000000	80.723206 
3875.000000	80.721306 
3874.000000	80.719498 
3873.000000	80.717657 
3872.000000	80.715621 
3871.000000	80.713516 
3870.000000	80.711676 
3869.000000	80.710145 
3868.000000	80.708479 
3867.000000	80.706360 
3866.000000	80.704008 
3865.000000	80.701977 
3864.000000	80.700470 
3863.000000	80.699241 
3862.000000	80.697952 
3861.000000	80.696599 
3860.000000	80.695263 
3859.000000	80.693967 
3858.000000	80.692690 
3857.000000	80.691372 
3856.000000	80.689723 
3855.000000	80.687419 
3854.000000	80.684560 
3853.000000	80.681873 
3852.000000	80.679759 
3851.000000	80.677937 
3850.000000	80.676205 
3849.000000	80.674612 
3848.000000	80.673074 
3847.000000	80.671391 
3846.000000	80.669515 
3845.000000	80.667618 
3844.000000	80.665882 
3843.000000	80.664329 
3842.000000	80.662826 
3841.000000	80.661249 
3840.000000	80.659567 
3839.000000	80.657813 
3838.000000	80.656017 
3837.000000	80.654213 
3836.000000	80.652434 
3835.000000	80.650680 
3834.000000	80.648920 
3833.000000	80.647132 
3832.000000	80.645328 
3831.000000	80.643529 
3830.000000	80.641741 
3829.000000	80.639959 
3828.000000	80.638177 
3827.000000	80.636393 
3826.000000	80.634601 
3825.000000	80.632781 
3824.000000	80.630899 
3823.000000	80.628944 
3822.000000	80.626920 
3821.000000	80.624844 
3820.000000	80.622723 
3819.000000	80.620557 
3818.000000	80.618343 
3817.000000	80.616099 
3816.000000	80.613854 
3815.000000	80.611623 
3814.000000	80.609403 
3813.000000	80.607196 
3812.000000	80.605011 
3811.000000	80.602851 
3810.000000	80.600699 
3809.000000	80.598515 
3808.000000	80.596270 
3807.000000	80.594030 
3806.000000	80.591893 
3805.000000	80.589853 
3804.000000	80.587751 
3803.000000	80.585491 
3802.000000	80.583173 
3801.000000	80.581053 
3800.000000	80.579180 
3799.000000	80.577276 
3798.000000	80.575311 
3797.000000	80.573616 
3796.000000	80.572285 
3795.000000	80.570720 
3794.000000	80.568309 
3793.000000	80.565183 
3792.000000	80.562145 
3791.000000	80.559570 
3790.000000	80.557101 
3789.000000	80.554303 
3788.000000	80.551178 
3787.000000	80.547829 
3786.000000	80.544369 
3785.000000	80.541353 
3784.000000	80.539449 
3783.000000	80.538226 
3782.000000	80.536275 
3781.000000	80.533049 
3780.000000	80.529644 
3779.000000	80.527532 
3778.000000	80.526590 
3777.000000	80.525438 
3776.000000	80.523559 
3775.000000	80.522141 
3774.000000	80.522198 
3773.000000	80.523057 
3772.000000	80.523158 
3771.000000	80.522128 
3770.000000	80.520663 
3769.000000	80.518889 
3768.000000	80.515850 
3767.000000	80.511372 
3766.000000	80.507008 
3765.000000	80.504490 
3764.000000	80.503557 
3763.000000	80.502238 
3762.000000	80.499691 
3761.000000	80.497535 
3760.000000	80.496905 
3759.000000	80.496667 
3758.000000	80.495446 
3757.000000	80.493871 
3756.000000	80.492754 
3755.000000	80.491446 
3754.000000	80.489416 
3753.000000	80.487575 
3752.000000	80.486301 
3751.000000	80.483630 
3750.000000	80.478769 
3749.000000	80.474449 
3748.000000	80.472042 
3747.000000	80.469148 
3746.000000	80.463688 
3745.000000	80.457361 
3744.000000	80.454228 
3743.000000	80.453055 
3742.000000	80.448481 
3741.000000	80.440693 
3740.000000	80.434315 
3739.000000	80.431539 
3738.000000	80.430044 
3737.000000	80.427232 
3736.000000	80.424028 
3735.000000	80.421754 
3734.000000	80.419032 
3733.000000	80.414725 
3732.000000	80.410589 
3731.000000	80.407728 
3730.000000	80.403658 
3729.000000	80.395597 
3728.000000	80.384595 
3727.000000	80.375063 
3726.000000	80.369963 
3725.000000	80.367307 
3724.000000	80.363240 
3723.000000	80.356183 
3722.000000	80.346916 
3721.000000	80.337342 
3720.000000	80.329003 
3719.000000	80.322321 
3718.000000	80.316468 
3717.000000	80.310334 
3716.000000	80.302870 
3715.000000	80.294106 
3714.000000	80.286149 
3713.000000	80.281063 
3712.000000	80.277320 
3711.000000	80.270936 
3710.000000	80.260061 
3709.000000	80.246574 
3708.000000	80.233397 
3707.000000	80.222350 
3706.000000	80.213316 
3705.000000	80.204671 
3704.000000	80.194874 
3703.000000	80.183521 
3702.000000	80.171490 
3701.000000	80.160332 
3700.000000	80.150526 
3699.000000	80.140607 
3698.000000	80.130029 
3697.000000	80.120723 
3696.000000	80.113548 
3695.000000	80.105426 
3694.000000	80.093307 
3693.000000	80.078591 
3692.000000	80.064094 
3691.000000	80.049359 
3690.000000	80.031905 
3689.000000	80.014272 
3688.000000	80.003278 
3687.000000	79.999593 
3686.000000	79.996449 
3685.000000	79.990275 
3684.000000	79.984301 
3683.000000	79.981517 
3682.000000	79.979592 
3681.000000	79.974747 
3680.000000	79.968061 
3679.000000	79.960489 
3678.000000	79.948178 
3677.000000	79.928735 
3676.000000	79.910858 
3675.000000	79.906751 
3674.000000	79.912441 
3673.000000	79.912038 
3672.000000	79.900504 
3671.000000	79.885799 
3670.000000	79.876136 
3669.000000	79.871859 
3668.000000	79.869173 
3667.000000	79.867519 
3666.000000	79.867687 
3665.000000	79.868139 
3664.000000	79.866212 
3663.000000	79.861739 
3662.000000	79.857294 
3661.000000	79.854945 
3660.000000	79.854252 
3659.000000	79.852846 
3658.000000	79.850515 
3657.000000	79.850505 
3656.000000	79.856861 
3655.000000	79.867286 
3654.000000	79.873897 
3653.000000	79.872701 
3652.000000	79.868527 
3651.000000	79.868817 
3650.000000	79.875274 
3649.000000	79.883193 
3648.000000	79.889134 
3647.000000	79.893682 
3646.000000	79.896914 
3645.000000	79.898665 
3644.000000	79.900564 
3643.000000	79.905374 
3642.000000	79.912873 
3641.000000	79.918861 
3640.000000	79.919033 
3639.000000	79.914141 
3638.000000	79.909755 
3637.000000	79.910413 
3636.000000	79.916583 
3635.000000	79.926449 
3634.000000	79.938083 
3633.000000	79.948347 
3632.000000	79.953470 
3631.000000	79.953074 
3630.000000	79.951273 
3629.000000	79.952796 
3628.000000	79.956844 
3627.000000	79.958279 
3626.000000	79.955360 
3625.000000	79.951234 
3624.000000	79.948853 
3623.000000	79.948230 
3622.000000	79.948365 
3621.000000	79.949565 
3620.000000	79.952485 
3619.000000	79.956271 
3618.000000	79.959360 
3617.000000	79.960999 
3616.000000	79.961444 
3615.000000	79.961512 
3614.000000	79.962095 
3613.000000	79.963387 
3612.000000	79.964692 
3611.000000	79.965323 
3610.000000	79.965676 
3609.000000	79.966807 
3608.000000	79.968938 
3607.000000	79.971110 
3606.000000	79.972363 
3605.000000	79.972733 
3604.000000	79.972874 
3603.000000	79.973116 
3602.000000	79.973363 
3601.000000	79.973589 
3600.000000	79.974017 
3599.000000	79.974660 
3598.000000	79.975442 
3597.000000	79.976285 
3596.000000	79.977157 
3595.000000	79.977934 
3594.000000	79.978410 
3593.000000	79.978306 
3592.000000	79.977632 
3591.000000	79.976832 
3590.000000	79.976569 
3589.000000	79.977218 
3588.000000	79.978495 
3587.000000	79.979540 
3586.000000	79.979657 
3585.000000	79.978816 
3584.000000	79.977419 
3583.000000	79.975841 
3582.000000	79.974322 
3581.000000	79.973216 
3580.000000	79.973085 
3579.000000	79.974205 
3578.000000	79.976270 
3577.000000	79.978608 
3576.000000	79.980681 
3575.000000	79.982235 
3574.000000	79.983029 
3573.000000	79.982707 
3572.000000	79.981039 
3571.000000	79.978303 
3570.000000	79.975349 
3569.000000	79.973361 
3568.000000	79.973077 
3567.000000	79.974033 
3566.000000	79.974966 
3565.000000	79.975281 
3564.000000	79.975510 
3563.000000	79.976500 
3562.000000	79.978458 
3561.000000	79.980715 
3560.000000	79.982194 
3559.000000	79.982172 
3558.000000	79.980610 
3557.000000	79.978234 
3556.000000	79.976204 
3555.000000	79.975549 
3554.000000	79.976554 
3553.000000	79.978472 
3552.000000	79.979759 
3551.000000	79.979142 
3550.000000	79.976494 
3549.000000	79.972810 
3548.000000	79.969171 
3547.000000	79.965949 
3546.000000	79.963352 
3545.000000	79.962364 
3544.000000	79.964139 
3543.000000	79.968487 
3542.000000	79.973550 
3541.000000	79.977329 
3540.000000	79.978976 
3539.000000	79.978844 
3538.000000	79.977999 
3537.000000	79.977705 
3536.000000	79.978884 
3535.000000	79.981627 
3534.000000	79.985283 
3533.000000	79.988828 
3532.000000	79.991333 
3531.000000	79.992193 
3530.000000	79.991482 
3529.000000	79.990049 
3528.000000	79.988912 
3527.000000	79.988331 
3526.000000	79.987851 
3525.000000	79.987252 
3524.000000	79.986957 
3523.000000	79.987333 
3522.000000	79.988101 
3521.000000	79.988698 
3520.000000	79.989020 
3519.000000	79.989501 
3518.000000	79.990509 
3517.000000	79.991785 
3516.000000	79.992634 
3515.000000	79.992585 
3514.000000	79.991860 
3513.000000	79.991268 
3512.000000	79.991770 
3511.000000	79.993831 
3510.000000	79.997039 
3509.000000	80.000241 
3508.000000	80.002306 
3507.000000	80.003007 
3506.000000	80.002989 
3505.000000	80.003172 
3504.000000	80.004006 
3503.000000	80.005273 
3502.000000	80.006580 
3501.000000	80.007759 
3500.000000	80.008858 
3499.000000	80.009913 
3498.000000	80.010852 
3497.000000	80.011600 
3496.000000	80.012199 
3495.000000	80.012777 
3494.000000	80.013450 
3493.000000	80.014269 
3492.000000	80.015236 
3491.000000	80.016324 
3490.000000	80.017465 
3489.000000	80.018561 
3488.000000	80.019540 
3487.000000	80.020421 
3486.000000	80.021313 
3485.000000	80.022325 
3484.000000	80.023437 
3483.000000	80.024474 
3482.000000	80.025274 
3481.000000	80.025861 
3480.000000	80.026437 
3479.000000	80.027180 
3478.000000	80.028082 
3477.000000	80.028992 
3476.000000	80.029783 
3475.000000	80.030481 
3474.000000	80.031232 
3473.000000	80.032126 
3472.000000	80.033116 
3471.000000	80.034084 
3470.000000	80.034955 
3469.000000	80.035718 
3468.000000	80.036408 
3467.000000	80.037123 
3466.000000	80.038017 
3465.000000	80.039190 
3464.000000	80.040547 
3463.000000	80.041801 
3462.000000	80.042721 
3461.000000	80.043264 
3460.000000	80.043632 
3459.000000	80.044124 
3458.000000	80.044896 
3457.000000	80.045921 
3456.000000	80.047116 
3455.000000	80.048447 
3454.000000	80.049853 
3453.000000	80.051180 
3452.000000	80.052298 
3451.000000	80.053233 
3450.000000	80.054143 
3449.000000	80.055158 
3448.000000	80.056337 
3447.000000	80.057747 
3446.000000	80.059437 
3445.000000	80.061218 
3444.000000	80.062666 
3443.000000	80.063518 
3442.000000	80.063950 
3441.000000	80.064310 
3440.000000	80.064610 
3439.000000	80.064570 
3438.000000	80.064188 
3437.000000	80.063928 
3436.000000	80.064243 
3435.000000	80.065072 
3434.000000	80.066002 
3433.000000	80.066806 
3432.000000	80.067683 
3431.000000	80.068890 
3430.000000	80.070350 
3429.000000	80.071741 
3428.000000	80.072926 
3427.000000	80.074138 
3426.000000	80.075664 
3425.000000	80.077409 
3424.000000	80.078898 
3423.000000	80.079735 
3422.000000	80.079940 
3421.000000	80.079760 
3420.000000	80.079482 
3419.000000	80.079634 
3418.000000	80.080802 
3417.000000	80.082651 
3416.000000	80.083554 
3415.000000	80.082148 
3414.000000	80.079305 
3413.000000	80.077827 
3412.000000	80.079574 
3411.000000	80.083482 
3410.000000	80.086806 
3409.000000	80.087926 
3408.000000	80.087134 
3407.000000	80.085289 
3406.000000	80.082746 
3405.000000	80.079601 
3404.000000	80.076061 
3403.000000	80.072257 
3402.000000	80.068265 
3401.000000	80.064612 
3400.000000	80.062453 
3399.000000	80.062840 
3398.000000	80.065714 
3397.000000	80.069515 
3396.000000	80.071784 
3395.000000	80.070798 
3394.000000	80.066879 
3393.000000	80.062339 
3392.000000	80.059738 
3391.000000	80.059927 
3390.000000	80.061892 
3389.000000	80.064084 
3388.000000	80.065768 
3387.000000	80.067212 
3386.000000	80.068898 
3385.000000	80.070735 
3384.000000	80.072062 
3383.000000	80.072342 
3382.000000	80.071785 
3381.000000	80.071096 
3380.000000	80.070704 
3379.000000	80.070476 
3378.000000	80.070188 
3377.000000	80.069906 
3376.000000	80.069736 
3375.000000	80.069456 
3374.000000	80.068628 
3373.000000	80.066945 
3372.000000	80.064349 
3371.000000	80.061053 
3370.000000	80.057664 
3369.000000	80.055069 
3368.000000	80.053765 
3367.000000	80.053300 
3366.000000	80.052603 
3365.000000	80.051028 
3364.000000	80.048971 
3363.000000	80.047349 
3362.000000	80.046520 
3361.000000	80.045852 
3360.000000	80.044427 
3359.000000	80.042117 
3358.000000	80.039789 
3357.000000	80.038379 
3356.000000	80.037813 
3355.000000	80.036983 
3354.000000	80.034863 
3353.000000	80.031465 
3352.000000	80.027782 
3351.000000	80.024906 
3350.000000	80.023232 
3349.000000	80.022480 
3348.000000	80.021941 
3347.000000	80.020785 
3346.000000	80.018530 
3345.000000	80.015403 
3344.000000	80.012213 
3343.000000	80.009536 
3342.000000	80.007113 
3341.000000	80.004245 
3340.000000	80.000668 
3339.000000	79.996812 
3338.000000	79.993225 
3337.000000	79.990060 
3336.000000	79.987326 
3335.000000	79.985334 
3334.000000	79.984427 
3333.000000	79.984287 
3332.000000	79.983899 
3331.000000	79.982372 
3330.000000	79.979609 
3329.000000	79.976050 
3328.000000	79.971981 
3327.000000	79.967420 
3326.000000	79.962638 
3325.000000	79.958350 
3324.000000	79.955222 
3323.000000	79.953231 
3322.000000	79.951660 
3321.000000	79.949728 
3320.000000	79.947118 
3319.000000	79.943863 
3318.000000	79.939922 
3317.000000	79.935163 
3316.000000	79.929775 
3315.000000	79.924208 
3314.000000	79.918656 
3313.000000	79.913060 
3312.000000	79.907725 
3311.000000	79.903401 
3310.000000	79.900209 
3309.000000	79.896872 
3308.000000	79.891775 
3307.000000	79.884769 
3306.000000	79.877389 
3305.000000	79.871287 
3304.000000	79.867021 
3303.000000	79.864364 
3302.000000	79.862894 
3301.000000	79.861836 
3300.000000	79.859948 
3299.000000	79.856242 
3298.000000	79.850714 
3297.000000	79.844025 
3296.000000	79.836762 
3295.000000	79.829307 
3294.000000	79.822130 
3293.000000	79.815724 
3292.000000	79.810265 
3291.000000	79.805576 
3290.000000	79.801238 
3289.000000	79.796579 
3288.000000	79.790923 
3287.000000	79.784291 
3286.000000	79.777751 
3285.000000	79.772533 
3284.000000	79.768786 
3283.000000	79.765531 
3282.000000	79.761780 
3281.000000	79.757480 
3280.000000	79.753030 
3279.000000	79.748385 
3278.000000	79.743082 
3277.000000	79.736948 
3276.000000	79.730435 
3275.000000	79.724279 
3274.000000	79.718915 
3273.000000	79.714281 
3272.000000	79.709996 
3271.000000	79.705664 
3270.000000	79.701142 
3269.000000	79.696582 
3268.000000	79.692191 
3267.000000	79.687916 
3266.000000	79.683409 
3265.000000	79.678404 
3264.000000	79.673090 
3263.000000	79.668012 
3262.000000	79.663489 
3261.000000	79.659233 
3260.000000	79.654619 
3259.000000	79.649385 
3258.000000	79.643914 
3257.000000	79.638832 
3256.000000	79.634298 
3255.000000	79.629915 
3254.000000	79.625184 
3253.000000	79.620020 
3252.000000	79.614800 
3251.000000	79.609950 
3250.000000	79.605532 
3249.000000	79.601282 
3248.000000	79.596930 
3247.000000	79.592435 
3246.000000	79.587926 
3245.000000	79.583524 
3244.000000	79.579235 
3243.000000	79.574889 
3242.000000	79.570120 
3241.000000	79.564527 
3240.000000	79.558051 
3239.000000	79.551206 
3238.000000	79.544796 
3237.000000	79.539221 
3236.000000	79.534252 
3235.000000	79.529474 
3234.000000	79.524787 
3233.000000	79.520309 
3232.000000	79.516004 
3231.000000	79.511640 
3230.000000	79.507015 
3229.000000	79.502027 
3228.000000	79.496668 
3227.000000	79.491181 
3226.000000	79.486088 
3225.000000	79.481791 
3224.000000	79.478205 
3223.000000	79.475048 
3222.000000	79.472273 
3221.000000	79.469809 
3220.000000	79.466900 
3219.000000	79.462373 
3218.000000	79.455870 
3217.000000	79.448502 
3216.000000	79.442131 
3215.000000	79.437739 
3214.000000	79.434724 
3213.000000	79.431504 
3212.000000	79.426836 
3211.000000	79.420617 
3210.000000	79.413688 
3209.000000	79.407054 
3208.000000	79.401221 
3207.000000	79.396157 
3206.000000	79.391587 
3205.000000	79.387149 
3204.000000	79.382477 
3203.000000	79.377485 
3202.000000	79.372588 
3201.000000	79.368365 
3200.000000	79.364949 
3199.000000	79.361890 
3198.000000	79.358646 
3197.000000	79.355057 
3196.000000	79.351309 
3195.000000	79.347662 
3194.000000	79.344271 
3193.000000	79.341041 
3192.000000	79.337509 
3191.000000	79.333074 
3190.000000	79.327580 
3189.000000	79.321599 
3188.000000	79.316051 
3187.000000	79.311486 
3186.000000	79.307772 
3185.000000	79.304296 
3184.000000	79.300351 
3183.000000	79.295554 
3182.000000	79.290078 
3181.000000	79.284572 
3180.000000	79.279637 
3179.000000	79.275320 
3178.000000	79.271275 
3177.000000	79.267354 
3176.000000	79.263780 
3175.000000	79.260563 
3174.000000	79.257086 
3173.000000	79.252642 
3172.000000	79.247284 
3171.000000	79.241840 
3170.000000	79.236950 
3169.000000	79.232482 
3168.000000	79.228046 
3167.000000	79.223706 
3166.000000	79.219821 
3165.000000	79.216334 
3164.000000	79.212664 
3163.000000	79.208355 
3162.000000	79.203579 
3161.000000	79.198931 
3160.000000	79.194816 
3159.000000	79.191117 
3158.000000	79.187375 
3157.000000	79.183233 
3156.000000	79.178787 
3155.000000	79.174545 
3154.000000	79.170981 
3153.000000	79.168080 
3152.000000	79.165309 
3151.000000	79.162100 
3150.000000	79.158431 
3149.000000	79.154829 
3148.000000	79.151769 
3147.000000	79.149063 
3146.000000	79.145981 
3145.000000	79.142031 
3144.000000	79.137488 
3143.000000	79.133006 
3142.000000	79.128767 
3141.000000	79.124418 
3140.000000	79.119891 
3139.000000	79.115868 
3138.000000	79.113044 
3137.000000	79.111181 
3136.000000	79.109165 
3135.000000	79.106115 
3134.000000	79.102102 
3133.000000	79.097820 
3132.000000	79.093913 
3131.000000	79.090684 
3130.000000	79.088237 
3129.000000	79.086531 
3128.000000	79.085329 
3127.000000	79.084175 
3126.000000	79.082471 
3125.000000	79.079740 
3124.000000	79.075948 
3123.000000	79.071596 
3122.000000	79.067361 
3121.000000	79.063539 
3120.000000	79.059945 
3119.000000	79.056352 
3118.000000	79.052937 
3117.000000	79.050168 
3116.000000	79.048314 
3115.000000	79.047150 
3114.000000	79.046010 
3113.000000	79.044166 
3112.000000	79.041325 
3111.000000	79.037844 
3110.000000	79.034542 
3109.000000	79.032118 
3108.000000	79.030665 
3107.000000	79.029653 
3106.000000	79.028409 
3105.000000	79.026714 
3104.000000	79.024813 
3103.000000	79.022828 
3102.000000	79.020372 
3101.000000	79.017024 
3100.000000	79.013111 
3099.000000	79.009655 
3098.000000	79.007340 
3097.000000	79.005833 
3096.000000	79.004214 
3095.000000	79.001801 
3094.000000	78.998339 
3093.000000	78.993839 
3092.000000	78.988899 
3091.000000	78.984941 
3090.000000	78.983248 
3089.000000	78.983585 
3088.000000	78.984076 
3087.000000	78.982795 
3086.000000	78.979305 
3085.000000	78.974683 
3084.000000	78.970529 
3083.000000	78.967826 
3082.000000	78.966137 
3081.000000	78.963846 
3080.000000	78.959958 
3079.000000	78.955808 
3078.000000	78.954025 
3077.000000	78.955435 
3076.000000	78.957808 
3075.000000	78.958130 
3074.000000	78.955593 
3073.000000	78.952083 
3072.000000	78.950455 
3071.000000	78.952461 
3070.000000	78.957301 
3069.000000	78.961573 
3068.000000	78.961696 
3067.000000	78.957207 
3066.000000	78.951291 
3065.000000	78.947671 
3064.000000	78.947390 
3063.000000	78.948755 
3062.000000	78.949107 
3061.000000	78.946159 
3060.000000	78.939257 
3059.000000	78.930567 
3058.000000	78.923821 
3057.000000	78.920477 
3056.000000	78.918133 
3055.000000	78.914057 
3054.000000	78.909007 
3053.000000	78.905588 
3052.000000	78.903708 
3051.000000	78.900201 
3050.000000	78.893338 
3049.000000	78.885406 
3048.000000	78.879680 
3047.000000	78.876193 
3046.000000	78.872054 
3045.000000	78.865228 
3044.000000	78.856614 
3043.000000	78.848495 
3042.000000	78.842026 
3041.000000	78.836598 
3040.000000	78.830877 
3039.000000	78.823807 
3038.000000	78.815142 
3037.000000	78.806003 
3036.000000	78.798555 
3035.000000	78.793741 
3034.000000	78.789137 
3033.000000	78.780630 
3032.000000	78.767345 
3031.000000	78.753607 
3030.000000	78.743906 
3029.000000	78.736779 
3028.000000	78.726405 
3027.000000	78.709693 
3026.000000	78.689135 
3025.000000	78.668313 
3024.000000	78.647117 
3023.000000	78.623198 
3022.000000	78.596516 
3021.000000	78.570151 
3020.000000	78.546967 
3019.000000	78.527062 
3018.000000	78.508524 
3017.000000	78.489297 
3016.000000	78.467889 
3015.000000	78.443453 
3014.000000	78.416355 
3013.000000	78.388794 
3012.000000	78.363990 
3011.000000	78.343761 
3010.000000	78.326610 
3009.000000	78.308813 
3008.000000	78.287782 
3007.000000	78.263929 
3006.000000	78.239057 
3005.000000	78.214094 
3004.000000	78.189237 
3003.000000	78.165083 
3002.000000	78.142128 
3001.000000	78.120027 
3000.000000	78.099060 
2999.000000	78.081609 
2998.000000	78.069960 
2997.000000	78.062753 
2996.000000	78.055535 
2995.000000	78.044582 
2994.000000	78.028107 
2993.000000	78.004514 
2992.000000	77.973595 
2991.000000	77.940800 
2990.000000	77.916972 
2989.000000	77.911204 
2988.000000	77.925312 
2987.000000	77.955895 
2986.000000	77.998586 
2985.000000	78.048134 
2984.000000	78.097024 
2983.000000	78.138401 
2982.000000	78.170373 
2981.000000	78.195433 
2980.000000	78.216281 
2979.000000	78.233844 
2978.000000	78.247961 
2977.000000	78.257406 
2976.000000	78.260160 
2975.000000	78.256584 
2974.000000	78.251851 
2973.000000	78.251675 
2972.000000	78.254686 
2971.000000	78.252006 
2970.000000	78.236237 
2969.000000	78.209381 
2968.000000	78.180938 
2967.000000	78.159498 
2966.000000	78.147070 
2965.000000	78.140129 
2964.000000	78.133808 
2963.000000	78.125184 
2962.000000	78.114219 
2961.000000	78.102906 
2960.000000	78.093856 
2959.000000	78.089371 
2958.000000	78.090878 
2957.000000	78.098217 
2956.000000	78.109368 
2955.000000	78.121485 
2954.000000	78.132594 
2953.000000	78.142376 
2952.000000	78.151684 
2951.000000	78.161482 
2950.000000	78.171637 
2949.000000	78.180179 
2948.000000	78.184344 
2947.000000	78.183320 
2946.000000	78.180055 
2945.000000	78.179694 
2944.000000	78.185984 
2943.000000	78.199074 
2942.000000	78.216074 
2941.000000	78.233235 
2940.000000	78.248041 
2939.000000	78.260383 
2938.000000	78.271789 
2937.000000	78.283209 
2936.000000	78.294001 
2935.000000	78.303208 
2934.000000	78.310788 
2933.000000	78.316597 
2932.000000	78.318874 
2931.000000	78.315159 
2930.000000	78.304861 
2929.000000	78.290134 
2928.000000	78.274251 
2927.000000	78.259836 
2926.000000	78.248615 
2925.000000	78.241544 
2924.000000	78.238383 
2923.000000	78.237169 
2922.000000	78.234633 
2921.000000	78.227954 
2920.000000	78.216906 
2919.000000	78.204283 
2918.000000	78.193233 
2917.000000	78.183595 
2916.000000	78.171448 
2915.000000	78.152880 
2914.000000	78.128237 
2913.000000	78.102599 
2912.000000	78.082360 
2911.000000	78.070778 
2910.000000	78.065716 
2909.000000	78.061460 
2908.000000	78.053972 
2907.000000	78.044516 
2906.000000	78.036583 
2905.000000	78.029314 
2904.000000	78.017284 
2903.000000	77.999052 
2902.000000	77.983590 
2901.000000	77.983738 
2900.000000	78.003073 
2899.000000	78.031388 
2898.000000	78.053547 
2897.000000	78.062427 
2896.000000	78.062545 
2895.000000	78.063100 
2894.000000	78.069187 
2893.000000	78.078497 
2892.000000	78.085004 
2891.000000	78.085450 
2890.000000	78.082288 
2889.000000	78.080237 
2888.000000	78.080907 
2887.000000	78.082122 
2886.000000	78.082315 
2885.000000	78.083708 
2884.000000	78.090157 
2883.000000	78.103112 
2882.000000	78.120655 
2881.000000	78.139527 
2880.000000	78.156922 
2879.000000	78.171216 
2878.000000	78.182383 
2877.000000	78.191691 
2876.000000	78.199792 
2875.000000	78.205136 
2874.000000	78.205457 
2873.000000	78.201194 
2872.000000	78.196534 
2871.000000	78.196322 
2870.000000	78.202201 
2869.000000	78.211784 
2868.000000	78.221091 
2867.000000	78.227786 
2866.000000	78.232889 
2865.000000	78.239772 
2864.000000	78.251133 
2863.000000	78.266673 
2862.000000	78.283973 
2861.000000	78.301340 
2860.000000	78.318693 
2859.000000	78.335375 
2858.000000	78.348788 
2857.000000	78.356867 
2856.000000	78.360776 
2855.000000	78.363396 
2854.000000	78.366338 
2853.000000	78.369928 
2852.000000	78.375336 
2851.000000	78.384055 
2850.000000	78.394543 
2849.000000	78.401818 
2848.000000	78.402312 
2847.000000	78.397825 
2846.000000	78.393454 
2845.000000	78.392538 
2844.000000	78.394852 
2843.000000	78.398732 
2842.000000	78.402864 
2841.000000	78.406253 
2840.000000	78.408240 
2839.000000	78.408980 
2838.000000	78.408989 
2837.000000	78.408283 
2836.000000	78.406833 
2835.000000	78.405622 
2834.000000	78.406033 
2833.000000	78.408144 
2832.000000	78.410589 
2831.000000	78.412194 
2830.000000	78.412823 
2829.000000	78.412579 
2828.000000	78.411288 
2827.000000	78.409217 
2826.000000	78.407499 
2825.000000	78.407307 
2824.000000	78.408847 
2823.000000	78.411155 
2822.000000	78.412660 
2821.000000	78.412129 
2820.000000	78.409465 
2819.000000	78.405480 
2818.000000	78.400911 
2817.000000	78.396366 
2816.000000	78.393262 
2815.000000	78.393470 
2814.000000	78.397095 
2813.000000	78.401574 
2812.000000	78.404250 
2811.000000	78.405038 
2810.000000	78.405376 
2809.000000	78.405356 
2808.000000	78.403589 
2807.000000	78.399592 
2806.000000	78.394553 
2805.000000	78.389693 
2804.000000	78.385182 
2803.000000	78.381034 
2802.000000	78.377894 
2801.000000	78.376299 
2800.000000	78.376075 
2799.000000	78.376919 
2798.000000	78.378825 
2797.000000	78.381424 
2796.000000	78.383523 
2795.000000	78.383885 
2794.000000	78.382220 
2793.000000	78.379194 
2792.000000	78.375927 
2791.000000	78.373561 
2790.000000	78.372768 
2789.000000	78.373351 
2788.000000	78.374471 
2787.000000	78.375500 
2786.000000	78.376402 
2785.000000	78.377164 
2784.000000	78.377358 
2783.000000	78.376551 
2782.000000	78.374825 
2781.000000	78.372661 
2780.000000	78.370622 
2779.000000	78.369254 
2778.000000	78.368788 
2777.000000	78.368644 
2776.000000	78.367670 
2775.000000	78.365294 
2774.000000	78.362179 
2773.000000	78.359565 
2772.000000	78.358088 
2771.000000	78.357505 
2770.000000	78.357225 
2769.000000	78.356764 
2768.000000	78.355934 
2767.000000	78.354961 
2766.000000	78.354305 
2765.000000	78.354123 
2764.000000	78.354015 
2763.000000	78.353468 
2762.000000	78.352454 
2761.000000	78.351364 
2760.000000	78.350472 
2759.000000	78.349689 
2758.000000	78.348809 
2757.000000	78.347812 
2756.000000	78.346906 
2755.000000	78.346327 
2754.000000	78.346027 
2753.000000	78.345575 
2752.000000	78.344569 
2751.000000	78.343215 
2750.000000	78.342277 
2749.000000	78.342267 
2748.000000	78.342909 
2747.000000	78.343407 
2746.000000	78.343265 
2745.000000	78.342561 
2744.000000	78.341520 
2743.000000	78.340201 
2742.000000	78.338687 
2741.000000	78.337258 
2740.000000	78.336113 
2739.000000	78.335062 
2738.000000	78.333756 
2737.000000	78.332231 
2736.000000	78.331080 
2735.000000	78.330927 
2734.000000	78.331718 
2733.000000	78.332611 
2732.000000	78.332748 
2731.000000	78.332241 
2730.000000	78.332052 
2729.000000	78.332748 
2728.000000	78.333691 
2727.000000	78.333795 
2726.000000	78.332752 
2725.000000	78.331132 
2724.000000	78.329522 
2723.000000	78.328055 
2722.000000	78.326672 
2721.000000	78.325275 
2720.000000	78.323527 
2719.000000	78.321011 
2718.000000	78.317854 
2717.000000	78.315003 
2716.000000	78.313637 
2715.000000	78.314305 
2714.000000	78.316525 
2713.000000	78.318996 
2712.000000	78.320437 
2711.000000	78.320474 
2710.000000	78.319712 
2709.000000	78.318973 
2708.000000	78.318596 
2707.000000	78.318495 
2706.000000	78.318443 
2705.000000	78.317993 
2704.000000	78.316516 
2703.000000	78.313895 
2702.000000	78.310977 
2701.000000	78.308779 
2700.000000	78.307337 
2699.000000	78.305819 
2698.000000	78.303748 
2697.000000	78.301625 
2696.000000	78.300204 
2695.000000	78.299403 
2694.000000	78.298187 
2693.000000	78.295467 
2692.000000	78.291132 
2691.000000	78.286416 
2690.000000	78.283111 
2689.000000	78.282066 
2688.000000	78.282510 
2687.000000	78.282764 
2686.000000	78.281828 
2685.000000	78.280067 
2684.000000	78.278408 
2683.000000	78.277287 
2682.000000	78.276533 
2681.000000	78.275925 
2680.000000	78.275400 
2679.000000	78.274743 
2678.000000	78.273535 
2677.000000	78.271662 
2676.000000	78.269617 
2675.000000	78.268004 
2674.000000	78.266877 
2673.000000	78.265892 
2672.000000	78.264933 
2671.000000	78.264185 
2670.000000	78.263618 
2669.000000	78.262866 
2668.000000	78.261743 
2667.000000	78.260503 
2666.000000	78.259449 
2665.000000	78.258574 
2664.000000	78.257708 
2663.000000	78.256787 
2662.000000	78.255848 
2661.000000	78.254915 
2660.000000	78.253988 
2659.000000	78.253074 
2658.000000	78.252179 
2657.000000	78.251297 
2656.000000	78.250421 
2655.000000	78.249542 
2654.000000	78.248662 
2653.000000	78.247786 
2652.000000	78.246921 
2651.000000	78.246071 
2650.000000	78.245232 
2649.000000	78.244395 
2648.000000	78.243549 
2647.000000	78.242689 
2646.000000	78.241813 
2645.000000	78.240920 
2644.000000	78.240006 
2643.000000	78.239067 
2642.000000	78.238104 
2641.000000	78.237117 
2640.000000	78.236112 
2639.000000	78.235096 
2638.000000	78.234072 
2637.000000	78.233038 
2636.000000	78.231994 
2635.000000	78.230941 
2634.000000	78.229892 
2633.000000	78.228856 
2632.000000	78.227836 
2631.000000	78.226831 
2630.000000	78.225833 
2629.000000	78.224842 
2628.000000	78.223859 
2627.000000	78.222883 
2626.000000	78.221911 
2625.000000	78.220969 
2624.000000	78.220084 
2623.000000	78.219226 
2622.000000	78.218286 
2621.000000	78.217178 
2620.000000	78.215955 
2619.000000	78.214816 
2618.000000	78.213889 
2617.000000	78.213038 
2616.000000	78.211976 
2615.000000	78.210621 
2614.000000	78.209220 
2613.000000	78.208014 
2612.000000	78.206900 
2611.000000	78.205664 
2610.000000	78.204465 
2609.000000	78.203770 
2608.000000	78.203672 
2607.000000	78.203507 
2606.000000	78.202379 
2605.000000	78.200014 
2604.000000	78.197069 
2603.000000	78.194612 
2602.000000	78.193147 
2601.000000	78.192277 
2600.000000	78.191378 
2599.000000	78.190478 
2598.000000	78.190062 
2597.000000	78.190124 
2596.000000	78.190064 
2595.000000	78.189732 
2594.000000	78.189887 
2593.000000	78.191101 
2592.000000	78.192662 
2591.000000	78.193212 
2590.000000	78.192299 
2589.000000	78.190717 
2588.000000	78.189523 
2587.000000	78.189042 
2586.000000	78.188828 
2585.000000	78.188103 
2584.000000	78.186276 
2583.000000	78.183473 
2582.000000	78.180593 
2581.000000	78.178518 
2580.000000	78.177308 
2579.000000	78.176534 
2578.000000	78.176149 
2577.000000	78.176510 
2576.000000	78.177609 
2575.000000	78.178824 
2574.000000	78.179592 
2573.000000	78.179915 
2572.000000	78.180118 
2571.000000	78.180445 
2570.000000	78.180887 
2569.000000	78.181100 
2568.000000	78.180524 
2567.000000	78.178913 
2566.000000	78.176781 
2565.000000	78.175137 
2564.000000	78.174603 
2563.000000	78.174966 
2562.000000	78.175480 
2561.000000	78.175493 
2560.000000	78.174802 
2559.000000	78.173619 
2558.000000	78.172319 
2557.000000	78.171185 
2556.000000	78.170315 
2555.000000	78.169687 
2554.000000	78.169183 
2553.000000	78.168577 
2552.000000	78.167674 
2551.000000	78.166541 
2550.000000	78.165480 
2549.000000	78.164669 
2548.000000	78.163939 
2547.000000	78.163027 
2546.000000	78.161967 
2545.000000	78.161068 
2544.000000	78.160508 
2543.000000	78.160092 
2542.000000	78.159456 
2541.000000	78.158455 
2540.000000	78.157282 
2539.000000	78.156246 
2538.000000	78.155447 
2537.000000	78.154717 
2536.000000	78.153823 
2535.000000	78.152695 
2534.000000	78.151418 
2533.000000	78.150045 
2532.000000	78.148524 
2531.000000	78.146904 
2530.000000	78.145499 
2529.000000	78.144631 
2528.000000	78.144257 
2527.000000	78.143974 
2526.000000	78.143429 
2525.000000	78.142563 
2524.000000	78.141471 
2523.000000	78.140276 
2522.000000	78.139175 
2521.000000	78.138383 
2520.000000	78.137805 
2519.000000	78.136928 
2518.000000	78.135305 
2517.000000	78.133095 
2516.000000	78.130979 
2515.000000	78.129460 
2514.000000	78.128414 
2513.000000	78.127433 
2512.000000	78.126466 
2511.000000	78.125846 
2510.000000	78.125634 
2509.000000	78.125272 
2508.000000	78.124219 
2507.000000	78.122589 
2506.000000	78.120827 
2505.000000	78.118968 
2504.000000	78.116709 
2503.000000	78.114238 
2502.000000	78.112263 
2501.000000	78.111055 
2500.000000	78.110055 
2499.000000	78.108685 
2498.000000	78.107135 
2497.000000	78.105921 
2496.000000	78.105028 
2495.000000	78.103945 
2494.000000	78.102357 
2493.000000	78.100416 
2492.000000	78.098459 
2491.000000	78.096817 
2490.000000	78.095787 
2489.000000	78.095423 
2488.000000	78.095339 
2487.000000	78.094948 
2486.000000	78.094007 
2485.000000	78.092707 
2484.000000	78.091281 
2483.000000	78.089738 
2482.000000	78.088058 
2481.000000	78.086456 
2480.000000	78.085271 
2479.000000	78.084614 
2478.000000	78.084217 
2477.000000	78.083656 
2476.000000	78.082738 
2475.000000	78.081632 
2474.000000	78.080636 
2473.000000	78.079837 
2472.000000	78.079090 
2471.000000	78.078338 
2470.000000	78.077762 
2469.000000	78.077458 
2468.000000	78.077070 
2467.000000	78.076058 
2466.000000	78.074319 
2465.000000	78.072342 
2464.000000	78.070789 
2463.000000	78.069862 
2462.000000	78.069225 
2461.000000	78.068333 
2460.000000	78.066918 
2459.000000	78.065237 
2458.000000	78.063817 
2457.000000	78.062902 
2456.000000	78.062233 
2455.000000	78.061401 
2454.000000	78.060330 
2453.000000	78.059237 
2452.000000	78.058192 
2451.000000	78.056989 
2450.000000	78.055598 
2449.000000	78.054475 
2448.000000	78.054148 
2447.000000	78.054584 
2446.000000	78.055076 
2445.000000	78.054915 
2444.000000	78.054096 
2443.000000	78.053206 
2442.000000	78.052629 
2441.000000	78.052004 
2440.000000	78.050708 
2439.000000	78.048684 
2438.000000	78.046542 
2437.000000	78.044862 
2436.000000	78.043635 
2435.000000	78.042545 
2434.000000	78.041546 
2433.000000	78.040914 
2432.000000	78.040814 
2431.000000	78.041085 
2430.000000	78.041430 
2429.000000	78.041611 
2428.000000	78.041425 
2427.000000	78.040661 
2426.000000	78.039216 
2425.000000	78.037242 
2424.000000	78.035159 
2423.000000	78.033428 
2422.000000	78.032169 
2421.000000	78.031086 
2420.000000	78.029914 
2419.000000	78.028950 
2418.000000	78.028828 
2417.000000	78.029720 
2416.000000	78.031091 
2415.000000	78.032097 
2414.000000	78.032258 
2413.000000	78.031507 
2412.000000	78.030102 
2411.000000	78.028633 
2410.000000	78.027651 
2409.000000	78.027237 
2408.000000	78.026959 
2407.000000	78.026317 
2406.000000	78.025279 
2405.000000	78.024249 
2404.000000	78.023564 
2403.000000	78.023179 
2402.000000	78.022833 
2401.000000	78.022362 
2400.000000	78.021788 
2399.000000	78.021193 
2398.000000	78.020588 
2397.000000	78.019926 
2396.000000	78.019172 
2395.000000	78.018363 
2394.000000	78.017598 
2393.000000	78.016972 
2392.000000	78.016507 
2391.000000	78.016132 
2390.000000	78.015722 
2389.000000	78.015163 
2388.000000	78.014428 
2387.000000	78.013594 
2386.000000	78.012772 
2385.000000	78.012064 
2384.000000	78.011540 
2383.000000	78.011239 
2382.000000	78.011105 
2381.000000	78.010972 
2380.000000	78.010676 
2379.000000	78.010199 
2378.000000	78.009617 
2377.000000	78.008922 
2376.000000	78.008030 
2375.000000	78.007031 
2374.000000	78.006299 
2373.000000	78.006125 
2372.000000	78.006374 
2371.000000	78.006566 
2370.000000	78.006392 
2369.000000	78.005915 
2368.000000	78.005357 
2367.000000	78.004920 
2366.000000	78.004731 
2365.000000	78.004837 
2364.000000	78.005161 
2363.000000	78.005551 
2362.000000	78.005847 
2361.000000	78.005912 
2360.000000	78.005694 
2359.000000	78.005225 
2358.000000	78.004644 
2357.000000	78.004135 
2356.000000	78.003790 
2355.000000	78.003602 
2354.000000	78.003486 
2353.000000	78.003373 
2352.000000	78.003249 
2351.000000	78.003145 
2350.000000	78.003108 
2349.000000	78.003141 
2348.000000	78.003212 
2347.000000	78.003228 
2346.000000	78.003105 
2345.000000	78.002852 
2344.000000	78.002562 
2343.000000	78.002360 
2342.000000	78.002242 
2341.000000	78.002114 
2340.000000	78.001888 
2339.000000	78.001594 
2338.000000	78.001357 
2337.000000	78.001227 
2336.000000	78.001134 
2335.000000	78.000932 
2334.000000	78.000617 
2333.000000	78.000302 
2332.000000	78.000135 
2331.000000	77.999959 
2330.000000	77.999558 
2329.000000	77.998691 
2328.000000	77.997615 
2327.000000	77.996681 
2326.000000	77.996192 
2325.000000	77.996137 
2324.000000	77.996329 
2323.000000	77.996574 
2322.000000	77.996581 
2321.000000	77.996183 
2320.000000	77.995410 
2319.000000	77.994435 
2318.000000	77.993634 
2317.000000	77.993131 
2316.000000	77.993211 
2315.000000	77.993773 
2314.000000	77.995009 
2313.000000	77.996506 
2312.000000	77.997983 
2311.000000	77.998547 
2310.000000	77.997960 
2309.000000	77.996012 
2308.000000	77.993193 
2307.000000	77.989721 
2306.000000	77.986390 
2305.000000	77.984019 
2304.000000	77.983503 
2303.000000	77.984557 
2302.000000	77.986068 
2301.000000	77.986478 
2300.000000	77.985410 
2299.000000	77.983268 
2298.000000	77.981144 
2297.000000	77.979538 
2296.000000	77.978743 
2295.000000	77.978452 
2294.000000	77.978324 
2293.000000	77.977873 
2292.000000	77.976981 
2291.000000	77.975762 
2290.000000	77.974357 
2289.000000	77.972684 
2288.000000	77.970562 
2287.000000	77.968096 
2286.000000	77.965684 
2285.000000	77.963762 
2284.000000	77.962355 
2283.000000	77.961202 
2282.000000	77.960099 
2281.000000	77.959315 
2280.000000	77.959233 
2279.000000	77.959748 
2278.000000	77.960098 
2277.000000	77.959677 
2276.000000	77.958815 
2275.000000	77.958301 
2274.000000	77.958275 
2273.000000	77.957849 
2272.000000	77.956243 
2271.000000	77.953791 
2270.000000	77.951660 
2269.000000	77.950631 
2268.000000	77.950478 
2267.000000	77.950311 
2266.000000	77.949313 
2265.000000	77.947253 
2264.000000	77.944678 
2263.000000	77.942604 
2262.000000	77.941788 
2261.000000	77.942212 
2260.000000	77.943233 
2259.000000	77.944349 
2258.000000	77.945432 
2257.000000	77.946490 
2256.000000	77.947376 
2255.000000	77.947786 
2254.000000	77.947490 
2253.000000	77.946612 
2252.000000	77.945679 
2251.000000	77.945118 
2250.000000	77.944798 
2249.000000	77.944224 
2248.000000	77.943235 
2247.000000	77.942154 
2246.000000	77.941199 
2245.000000	77.940207 
2244.000000	77.939187 
2243.000000	77.938661 
2242.000000	77.939023 
2241.000000	77.939886 
2240.000000	77.940394 
2239.000000	77.940190 
2238.000000	77.939677 
2237.000000	77.939378 
2236.000000	77.939281 
2235.000000	77.938999 
2234.000000	77.938328 
2233.000000	77.937416 
2232.000000	77.936557 
2231.000000	77.935991 
2230.000000	77.935800 
2229.000000	77.935854 
2228.000000	77.935856 
2227.000000	77.935630 
2226.000000	77.935268 
2225.000000	77.934972 
2224.000000	77.934829 
2223.000000	77.934782 
2222.000000	77.934735 
2221.000000	77.934648 
2220.000000	77.934536 
2219.000000	77.934412 
2218.000000	77.934269 
2217.000000	77.934095 
2216.000000	77.933885 
2215.000000	77.933655 
2214.000000	77.933428 
2213.000000	77.933216 
2212.000000	77.933022 
2211.000000	77.932843 
2210.000000	77.932680 
2209.000000	77.932534 
2208.000000	77.932408 
2207.000000	77.932305 
2206.000000	77.932221 
2205.000000	77.932148 
2204.000000	77.932072 
2203.000000	77.931985 
2202.000000	77.931888 
2201.000000	77.931794 
2200.000000	77.931722 
2199.000000	77.931681 
2198.000000	77.931668 
2197.000000	77.931664 
2196.000000	77.931654 
2195.000000	77.931635 
2194.000000	77.931617 
2193.000000	77.931612 
2192.000000	77.931623 
2191.000000	77.931636 
2190.000000	77.931635 
2189.000000	77.931615 
2188.000000	77.931593 
2187.000000	77.931589 
2186.000000	77.931621 
2185.000000	77.931685 
2184.000000	77.931720 
2183.000000	77.931655 
2182.000000	77.931467 
2181.000000	77.931206 
2180.000000	77.930944 
2179.000000	77.930708 
2178.000000	77.930491 
2177.000000	77.930278 
2176.000000	77.930057 
2175.000000	77.929841 
2174.000000	77.929648 
2173.000000	77.929473 
2172.000000	77.929279 
2171.000000	77.929043 
2170.000000	77.928801 
2169.000000	77.928624 
2168.000000	77.928537 
2167.000000	77.928483 
2166.000000	77.928364 
2165.000000	77.928121 
2164.000000	77.927756 
2163.000000	77.927318 
2162.000000	77.926870 
2161.000000	77.926443 
2160.000000	77.926035 
2159.000000	77.925642 
2158.000000	77.925280 
2157.000000	77.924959 
2156.000000	77.924636 
2155.000000	77.924244 
2154.000000	77.923759 
2153.000000	77.923231 
2152.000000	77.922747 
2151.000000	77.922338 
2150.000000	77.921973 
2149.000000	77.921602 
2148.000000	77.921199 
2147.000000	77.920768 
2146.000000	77.920324 
2145.000000	77.919884 
2144.000000	77.919462 
2143.000000	77.919067 
2142.000000	77.918703 
2141.000000	77.918370 
2140.000000	77.918063 
2139.000000	77.917770 
2138.000000	77.917487 
2137.000000	77.917214 
2136.000000	77.916945 
2135.000000	77.916670 
2134.000000	77.916382 
2133.000000	77.916082 
2132.000000	77.915769 
2131.000000	77.915450 
2130.000000	77.915134 
2129.000000	77.914828 
2128.000000	77.914529 
2127.000000	77.914232 
2126.000000	77.913931 
2125.000000	77.913624 
2124.000000	77.913313 
2123.000000	77.913007 
2122.000000	77.912716 
2121.000000	77.912452 
2120.000000	77.912216 
2119.000000	77.912005 
2118.000000	77.911809 
2117.000000	77.911620 
2116.000000	77.911431 
2115.000000	77.911242 
2114.000000	77.911057 
2113.000000	77.910879 
2112.000000	77.910712 
2111.000000	77.910557 
2110.000000	77.910414 
2109.000000	77.910278 
2108.000000	77.910147 
2107.000000	77.910017 
2106.000000	77.909885 
2105.000000	77.909752 
2104.000000	77.909619 
2103.000000	77.909485 
2102.000000	77.909352 
2101.000000	77.909224 
2100.000000	77.909103 
2099.000000	77.908987 
2098.000000	77.908868 
2097.000000	77.908742 
2096.000000	77.908599 
2095.000000	77.908429 
2094.000000	77.908245 
2093.000000	77.908067 
2092.000000	77.907887 
2091.000000	77.907702 
2090.000000	77.907550 
2089.000000	77.907439 
2088.000000	77.907313 
2087.000000	77.907151 
2086.000000	77.907006 
2085.000000	77.906866 
2084.000000	77.906593 
2083.000000	77.906152 
2082.000000	77.905792 
2081.000000	77.905796 
2080.000000	77.906164 
2079.000000	77.906664 
2078.000000	77.907078 
2077.000000	77.907265 
2076.000000	77.907115 
2075.000000	77.906668 
2074.000000	77.906225 
2073.000000	77.906043 
2072.000000	77.905987 
2071.000000	77.905716 
2070.000000	77.905132 
2069.000000	77.904425 
2068.000000	77.903758 
2067.000000	77.903188 
2066.000000	77.902876 
2065.000000	77.903041 
2064.000000	77.903606 
2063.000000	77.904116 
2062.000000	77.904177 
2061.000000	77.903777 
2060.000000	77.903084 
2059.000000	77.902124 
2058.000000	77.900839 
2057.000000	77.899369 
2056.000000	77.898074 
2055.000000	77.897221 
2054.000000	77.896811 
2053.000000	77.896654 
2052.000000	77.896517 
2051.000000	77.896255 
2050.000000	77.895866 
2049.000000	77.895493 
2048.000000	77.895307 
2047.000000	77.895305 
2046.000000	77.895224 
2045.000000	77.894743 
2044.000000	77.893799 
2043.000000	77.892667 
2042.000000	77.891711 
2041.000000	77.891049 
2040.000000	77.890476 
2039.000000	77.889736 
2038.000000	77.888819 
2037.000000	77.887998 
2036.000000	77.887549 
2035.000000	77.887472 
2034.000000	77.887471 
2033.000000	77.887208 
2032.000000	77.886631 
2031.000000	77.885957 
2030.000000	77.885380 
2029.000000	77.884843 
2028.000000	77.884171 
2027.000000	77.883344 
2026.000000	77.882530 
2025.000000	77.881899 
2024.000000	77.881483 
2023.000000	77.881210 
2022.000000	77.880978 
2021.000000	77.880685 
2020.000000	77.880277 
2019.000000	77.879772 
2018.000000	77.879208 
2017.000000	77.878597 
2016.000000	77.877982 
2015.000000	77.877505 
2014.000000	77.877321 
2013.000000	77.877429 
2012.000000	77.877635 
2011.000000	77.877684 
2010.000000	77.877420 
2009.000000	77.876816 
2008.000000	77.875947 
2007.000000	77.874978 
2006.000000	77.874092 
2005.000000	77.873401 
2004.000000	77.872929 
2003.000000	77.872659 
2002.000000	77.872551 
2001.000000	77.872511 
2000.000000	77.872411 
1999.000000	77.872155 
1998.000000	77.871714 
1997.000000	77.871132 
1996.000000	77.870524 
1995.000000	77.870048 
1994.000000	77.869793 
1993.000000	77.869710 
1992.000000	77.869667 
1991.000000	77.869588 
1990.000000	77.869489 
1989.000000	77.869368 
1988.000000	77.869191 
1987.000000	77.868965 
1986.000000	77.868748 
1985.000000	77.868582 
1984.000000	77.868455 
1983.000000	77.868350 
1982.000000	77.868276 
1981.000000	77.868225 
1980.000000	77.868158 
1979.000000	77.868042 
1978.000000	77.867893 
1977.000000	77.867754 
1976.000000	77.867656 
1975.000000	77.867595 
1974.000000	77.867550 
1973.000000	77.867502 
1972.000000	77.867443 
1971.000000	77.867383 
1970.000000	77.867332 
1969.000000	77.867294 
1968.000000	77.867269 
1967.000000	77.867260 
1966.000000	77.867271 
1965.000000	77.867307 
1964.000000	77.867368 
1963.000000	77.867450 
1962.000000	77.867546 
1961.000000	77.867655 
1960.000000	77.867780 
1959.000000	77.867904 
1958.000000	77.867996 
1957.000000	77.868054 
1956.000000	77.868111 
1955.000000	77.868172 
1954.000000	77.868201 
1953.000000	77.868183 
1952.000000	77.868149 
1951.000000	77.868146 
1950.000000	77.868184 
1949.000000	77.868223 
1948.000000	77.868209 
1947.000000	77.868129 
1946.000000	77.868044 
1945.000000	77.868031 
1944.000000	77.868110 
1943.000000	77.868214 
1942.000000	77.868252 
1941.000000	77.868199 
1940.000000	77.868091 
1939.000000	77.868010 
1938.000000	77.868042 
1937.000000	77.868190 
1936.000000	77.868284 
1935.000000	77.868083 
1934.000000	77.867569 
1933.000000	77.867080 
1932.000000	77.866959 
1931.000000	77.867154 
1930.000000	77.867264 
1929.000000	77.867064 
1928.000000	77.866810 
1927.000000	77.866848 
1926.000000	77.867207 
1925.000000	77.867526 
1924.000000	77.867541 
1923.000000	77.867433 
1922.000000	77.867665 
1921.000000	77.868513 
1920.000000	77.869752 
1919.000000	77.870584 
1918.000000	77.870204 
1917.000000	77.868602 
1916.000000	77.866723 
1915.000000	77.865474 
1914.000000	77.864894 
1913.000000	77.864503 
1912.000000	77.864058 
1911.000000	77.863804 
1910.000000	77.863927 
1909.000000	77.864191 
1908.000000	77.864223 
1907.000000	77.863814 
1906.000000	77.863086 
1905.000000	77.862268 
1904.000000	77.861838 
1903.000000	77.862280 
1902.000000	77.863425 
1901.000000	77.864432 
1900.000000	77.864631 
1899.000000	77.864074 
1898.000000	77.863364 
1897.000000	77.862904 
1896.000000	77.862666 
1895.000000	77.862500 
1894.000000	77.862402 
1893.000000	77.862641 
1892.000000	77.863534 
1891.000000	77.864896 
1890.000000	77.865927 
1889.000000	77.866094 
1888.000000	77.865891 
1887.000000	77.866106 
1886.000000	77.866760 
1885.000000	77.867376 
1884.000000	77.868057 
1883.000000	77.869504 
1882.000000	77.871724 
1881.000000	77.873718 
1880.000000	77.874705 
1879.000000	77.874916 
1878.000000	77.875155 
1877.000000	77.875824 
1876.000000	77.876753 
1875.000000	77.877775 
1874.000000	77.878735 
1873.000000	77.879252 
1872.000000	77.879101 
1871.000000	77.878629 
1870.000000	77.878476 
1869.000000	77.879078 
1868.000000	77.880517 
1867.000000	77.882479 
1866.000000	77.884323 
1865.000000	77.885601 
1864.000000	77.886516 
1863.000000	77.887727 
1862.000000	77.889563 
1861.000000	77.891599 
1860.000000	77.893234 
1859.000000	77.894427 
1858.000000	77.895536 
1857.000000	77.896686 
1856.000000	77.897713 
1855.000000	77.898558 
1854.000000	77.899349 
1853.000000	77.900265 
1852.000000	77.901549 
1851.000000	77.903030 
1850.000000	77.904212 
1849.000000	77.904738 
1848.000000	77.904893 
1847.000000	77.905401 
1846.000000	77.906618 
1845.000000	77.908185 
1844.000000	77.909747 
1843.000000	77.911585 
1842.000000	77.913701 
1841.000000	77.915470 
1840.000000	77.916309 
1839.000000	77.916127 
1838.000000	77.915542 
1837.000000	77.915095 
1836.000000	77.914840 
1835.000000	77.914741 
1834.000000	77.915130 
1833.000000	77.916703 
1832.000000	77.919902 
1831.000000	77.923758 
1830.000000	77.926423 
1829.000000	77.926983 
1828.000000	77.926298 
1827.000000	77.925845 
1826.000000	77.925986 
1825.000000	77.925666 
1824.000000	77.924499 
1823.000000	77.924181 
1822.000000	77.926141 
1821.000000	77.929182 
1820.000000	77.930950 
1819.000000	77.931525 
1818.000000	77.933150 
1817.000000	77.935873 
1816.000000	77.937731 
1815.000000	77.938457 
1814.000000	77.939101 
1813.000000	77.939069 
1812.000000	77.936740 
1811.000000	77.934420 
1810.000000	77.936675 
1809.000000	77.943354 
1808.000000	77.950209 
1807.000000	77.954994 
1806.000000	77.958941 
1805.000000	77.963138 
1804.000000	77.966585 
1803.000000	77.967870 
1802.000000	77.966737 
1801.000000	77.965039 
1800.000000	77.964422 
1799.000000	77.965890 
1798.000000	77.968980 
1797.000000	77.971873 
1796.000000	77.973974 
1795.000000	77.977345 
1794.000000	77.984081 
1793.000000	77.993161 
1792.000000	78.001408 
1791.000000	78.007846 
1790.000000	78.011818 
1789.000000	78.013068 
1788.000000	78.014505 
1787.000000	78.019950 
1786.000000	78.029140 
1785.000000	78.037060 
1784.000000	78.040610 
1783.000000	78.042979 
1782.000000	78.047886 
1781.000000	78.054734 
1780.000000	78.058653 
1779.000000	78.058935 
1778.000000	78.060171 
1777.000000	78.065407 
1776.000000	78.073037 
1775.000000	78.081202 
1774.000000	78.092117 
1773.000000	78.107518 
1772.000000	78.122865 
1771.000000	78.134637 
1770.000000	78.148029 
1769.000000	78.168117 
1768.000000	78.192387 
1767.000000	78.213866 
1766.000000	78.230005 
1765.000000	78.244947 
1764.000000	78.262687 
1763.000000	78.283958 
1762.000000	78.307397 
1761.000000	78.330605 
1760.000000	78.349928 
1759.000000	78.366520 
1758.000000	78.385562 
1757.000000	78.410051 
1756.000000	78.435734 
1755.000000	78.457384 
1754.000000	78.477847 
1753.000000	78.501874 
1752.000000	78.525983 
1751.000000	78.541806 
1750.000000	78.550566 
1749.000000	78.561203 
1748.000000	78.577489 
1747.000000	78.595366 
1746.000000	78.612657 
1745.000000	78.631704 
1744.000000	78.651171 
1743.000000	78.666142 
1742.000000	78.675283 
1741.000000	78.682057 
1740.000000	78.687594 
1739.000000	78.689308 
1738.000000	78.685859 
1737.000000	78.678926 
1736.000000	78.668004 
1735.000000	78.646397 
1734.000000	78.611218 
1733.000000	78.577367 
1732.000000	78.557045 
1731.000000	78.549523 
1730.000000	78.551210 
1729.000000	78.556365 
1728.000000	78.557749 
1727.000000	78.550628 
1726.000000	78.535934 
1725.000000	78.518216 
1724.000000	78.501274 
1723.000000	78.488398 
1722.000000	78.480398 
1721.000000	78.474718 
1720.000000	78.466798 
1719.000000	78.451398 
1718.000000	78.425951 
1717.000000	78.395196 
1716.000000	78.369577 
1715.000000	78.354373 
1714.000000	78.344843 
1713.000000	78.331913 
1712.000000	78.311783 
1711.000000	78.287808 
1710.000000	78.264256 
1709.000000	78.242019 
1708.000000	78.219998 
1707.000000	78.198568 
1706.000000	78.180436 
1705.000000	78.166572 
1704.000000	78.155969 
1703.000000	78.148169 
1702.000000	78.143038 
1701.000000	78.135807 
1700.000000	78.121173 
1699.000000	78.108322 
1698.000000	78.106053 
1697.000000	78.113504 
1696.000000	78.124616 
1695.000000	78.132321 
1694.000000	78.133197 
1693.000000	78.128712 
1692.000000	78.123590 
1691.000000	78.121759 
1690.000000	78.123820 
1689.000000	78.127152 
1688.000000	78.128784 
1687.000000	78.129099 
1686.000000	78.132882 
1685.000000	78.139454 
1684.000000	78.141366 
1683.000000	78.138530 
1682.000000	78.135109 
1681.000000	78.133894 
1680.000000	78.135480 
1679.000000	78.138928 
1678.000000	78.146323 
1677.000000	78.160316 
1676.000000	78.175796 
1675.000000	78.182457 
1674.000000	78.180191 
1673.000000	78.178600 
1672.000000	78.180551 
1671.000000	78.182712 
1670.000000	78.183509 
1669.000000	78.188828 
1668.000000	78.200804 
1667.000000	78.211066 
1666.000000	78.213949 
1665.000000	78.211927 
1664.000000	78.210177 
1663.000000	78.212164 
1662.000000	78.217593 
1661.000000	78.225108 
1660.000000	78.232653 
1659.000000	78.237890 
1658.000000	78.240252 
1657.000000	78.241576 
1656.000000	78.243232 
1655.000000	78.244045 
1654.000000	78.241546 
1653.000000	78.237314 
1652.000000	78.240001 
1651.000000	78.246847 
1650.000000	78.252718 
1649.000000	78.258862 
1648.000000	78.264718 
1647.000000	78.266607 
1646.000000	78.265117 
1645.000000	78.264467 
1644.000000	78.265389 
1643.000000	78.266441 
1642.000000	78.266070 
1641.000000	78.264113 
1640.000000	78.261299 
1639.000000	78.258136 
1638.000000	78.255049 
1637.000000	78.252288 
1636.000000	78.250516 
1635.000000	78.250156 
1634.000000	78.251331 
1633.000000	78.251792 
1632.000000	78.250857 
1631.000000	78.249293 
1630.000000	78.247586 
1629.000000	78.246342 
1628.000000	78.246034 
1627.000000	78.245500 
1626.000000	78.242645 
1625.000000	78.237721 
1624.000000	78.233205 
1623.000000	78.231504 
1622.000000	78.232375 
1621.000000	78.234143 
1620.000000	78.235683 
1619.000000	78.236711 
1618.000000	78.236692 
1617.000000	78.234621 
1616.000000	78.231251 
1615.000000	78.227657 
1614.000000	78.224145 
1613.000000	78.221941 
1612.000000	78.222207 
1611.000000	78.224101 
1610.000000	78.225436 
1609.000000	78.225452 
1608.000000	78.224837 
1607.000000	78.223918 
1606.000000	78.222626 
1605.000000	78.221670 
1604.000000	78.221591 
1603.000000	78.221994 
1602.000000	78.222217 
1601.000000	78.221983 
1600.000000	78.221330 
1599.000000	78.220345 
1598.000000	78.219270 
1597.000000	78.218497 
1596.000000	78.218239 
1595.000000	78.218380 
1594.000000	78.218660 
1593.000000	78.218983 
1592.000000	78.219377 
1591.000000	78.219789 
1590.000000	78.220070 
1589.000000	78.220165 
1588.000000	78.220157 
1587.000000	78.220168 
1586.000000	78.220269 
1585.000000	78.220443 
1584.000000	78.220581 
1583.000000	78.220404 
1582.000000	78.219999 
1581.000000	78.220007 
1580.000000	78.220937 
1579.000000	78.222598 
1578.000000	78.224527 
1577.000000	78.226245 
1576.000000	78.227258 
1575.000000	78.227351 
1574.000000	78.226648 
1573.000000	78.225501 
1572.000000	78.224194 
1571.000000	78.223045 
1570.000000	78.222713 
1569.000000	78.223955 
1568.000000	78.226277 
1567.000000	78.227963 
1566.000000	78.228591 
1565.000000	78.229003 
1564.000000	78.229802 
1563.000000	78.230489 
1562.000000	78.230821 
1561.000000	78.231282 
1560.000000	78.231845 
1559.000000	78.230533 
1558.000000	78.229177 
1557.000000	78.230836 
1556.000000	78.233407 
1555.000000	78.234791 
1554.000000	78.234868 
1553.000000	78.235459 
1552.000000	78.237215 
1551.000000	78.238557 
1550.000000	78.237958 
1549.000000	78.235736 
1548.000000	78.233721 
1547.000000	78.232871 
1546.000000	78.233034 
1545.000000	78.233859 
1544.000000	78.235361 
1543.000000	78.237339 
1542.000000	78.239364 
1541.000000	78.239408 
1540.000000	78.235020 
1539.000000	78.228543 
1538.000000	78.224009 
1537.000000	78.221324 
1536.000000	78.219346 
1535.000000	78.216984 
1534.000000	78.213708 
1533.000000	78.211318 
1532.000000	78.211040 
1531.000000	78.211501 
1530.000000	78.211479 
1529.000000	78.211042 
1528.000000	78.210956 
1527.000000	78.211909 
1526.000000	78.213640 
1525.000000	78.214885 
1524.000000	78.214434 
1523.000000	78.212421 
1522.000000	78.210354 
1521.000000	78.210181 
1520.000000	78.211598 
1519.000000	78.212418 
1518.000000	78.212824 
1517.000000	78.213707 
1516.000000	78.214052 
1515.000000	78.212887 
1514.000000	78.211495 
1513.000000	78.211657 
1512.000000	78.212261 
1511.000000	78.211816 
1510.000000	78.210841 
1509.000000	78.210795 
1508.000000	78.211649 
1507.000000	78.212960 
1506.000000	78.214264 
1505.000000	78.213700 
1504.000000	78.211344 
1503.000000	78.209986 
1502.000000	78.212289 
1501.000000	78.218323 
1500.000000	78.225396 
1499.000000	78.231358 
1498.000000	78.237441 
1497.000000	78.244216 
1496.000000	78.247794 
1495.000000	78.245433 
1494.000000	78.239293 
1493.000000	78.233810 
1492.000000	78.231835 
1491.000000	78.234224 
1490.000000	78.240260 
1489.000000	78.247027 
1488.000000	78.251233 
1487.000000	78.254174 
1486.000000	78.257891 
1485.000000	78.261364 
1484.000000	78.263312 
1483.000000	78.263366 
1482.000000	78.262664 
1481.000000	78.262030 
1480.000000	78.262428 
1479.000000	78.265645 
1478.000000	78.272614 
1477.000000	78.280580 
1476.000000	78.285748 
1475.000000	78.289217 
1474.000000	78.295536 
1473.000000	78.306978 
1472.000000	78.319137 
1471.000000	78.328021 
1470.000000	78.335482 
1469.000000	78.344412 
1468.000000	78.353865 
1467.000000	78.361672 
1466.000000	78.368674 
1465.000000	78.378169 
1464.000000	78.389731 
1463.000000	78.398794 
1462.000000	78.404232 
1461.000000	78.409072 
1460.000000	78.416749 
1459.000000	78.428143 
1458.000000	78.440970 
1457.000000	78.448158 
1456.000000	78.442562 
1455.000000	78.426605 
1454.000000	78.411163 
1453.000000	78.403677 
1452.000000	78.401929 
1451.000000	78.401037 
1450.000000	78.401699 
1449.000000	78.407394 
1448.000000	78.415953 
1447.000000	78.421621 
1446.000000	78.423342 
1445.000000	78.425445 
1444.000000	78.428548 
1443.000000	78.428955 
1442.000000	78.425043 
1441.000000	78.419582 
1440.000000	78.415972 
1439.000000	78.415823 
1438.000000	78.420017 
1437.000000	78.426186 
1436.000000	78.428544 
1435.000000	78.424472 
1434.000000	78.419660 
1433.000000	78.420054 
1432.000000	78.424522 
1431.000000	78.427039 
1430.000000	78.424618 
1429.000000	78.418801 
1428.000000	78.411459 
1427.000000	78.404275 
1426.000000	78.398937 
1425.000000	78.395264 
1424.000000	78.388347 
1423.000000	78.374801 
1422.000000	78.359251 
1421.000000	78.348119 
1420.000000	78.339556 
1419.000000	78.324797 
1418.000000	78.302759 
1417.000000	78.280164 
1416.000000	78.260562 
1415.000000	78.242070 
1414.000000	78.221339 
1413.000000	78.198175 
1412.000000	78.175906 
1411.000000	78.158380 
1410.000000	78.146933 
1409.000000	78.140004 
1408.000000	78.136102 
1407.000000	78.136004 
1406.000000	78.140810 
1405.000000	78.150934 
1404.000000	78.164702 
1403.000000	78.179005 
1402.000000	78.192356 
1401.000000	78.205563 
1400.000000	78.219507 
1399.000000	78.232136 
1398.000000	78.236650 
1397.000000	78.223608 
1396.000000	78.189988 
1395.000000	78.150828 
1394.000000	78.135333 
1393.000000	78.158696 
1392.000000	78.207883 
1391.000000	78.258882 
1390.000000	78.297031 
1389.000000	78.322322 
1388.000000	78.341902 
1387.000000	78.360421 
1386.000000	78.376887 
1385.000000	78.390295 
1384.000000	78.402677 
1383.000000	78.416616 
1382.000000	78.433668 
1381.000000	78.453944 
1380.000000	78.475460 
1379.000000	78.494850 
1378.000000	78.511048 
1377.000000	78.526721 
1376.000000	78.544298 
1375.000000	78.562181 
1374.000000	78.577044 
1373.000000	78.588032 
1372.000000	78.595742 
1371.000000	78.600828 
1370.000000	78.605437 
1369.000000	78.613960 
1368.000000	78.628935 
1367.000000	78.646736 
1366.000000	78.660304 
1365.000000	78.665621 
1364.000000	78.663953 
1363.000000	78.660499 
1362.000000	78.660137 
1361.000000	78.662615 
1360.000000	78.664367 
1359.000000	78.664805 
1358.000000	78.667820 
1357.000000	78.676803 
1356.000000	78.689255 
1355.000000	78.698776 
1354.000000	78.702363 
1353.000000	78.702307 
1352.000000	78.700404 
1351.000000	78.695308 
1350.000000	78.687230 
1349.000000	78.680383 
1348.000000	78.677132 
1347.000000	78.675151 
1346.000000	78.672108 
1345.000000	78.668925 
1344.000000	78.666053 
1343.000000	78.660291 
1342.000000	78.648393 
1341.000000	78.632023 
1340.000000	78.616938 
1339.000000	78.607323 
1338.000000	78.602230 
1337.000000	78.597814 
1336.000000	78.590909 
1335.000000	78.580836 
1334.000000	78.570142 
1333.000000	78.562972 
1332.000000	78.561040 
1331.000000	78.561882 
1330.000000	78.561844 
1329.000000	78.559848 
1328.000000	78.557559 
1327.000000	78.557090 
1326.000000	78.559150 
1325.000000	78.561933 
1324.000000	78.561575 
1323.000000	78.555165 
1322.000000	78.544093 
1321.000000	78.533337 
1320.000000	78.526953 
1319.000000	78.525276 
1318.000000	78.526507 
1317.000000	78.529366 
1316.000000	78.532931 
1315.000000	78.535161 
1314.000000	78.533759 
1313.000000	78.528779 
1312.000000	78.523075 
1311.000000	78.519457 
1310.000000	78.517934 
1309.000000	78.516280 
1308.000000	78.513210 
1307.000000	78.510358 
1306.000000	78.510320 
1305.000000	78.512935 
1304.000000	78.514898 
1303.000000	78.513605 
1302.000000	78.510292 
1301.000000	78.508096 
1300.000000	78.507647 
1299.000000	78.506292 
1298.000000	78.501755 
1297.000000	78.495132 
1296.000000	78.489805 
1295.000000	78.488327 
1294.000000	78.490452 
1293.000000	78.493334 
1292.000000	78.493659 
1291.000000	78.490478 
1290.000000	78.485826 
1289.000000	78.481872 
1288.000000	78.478386 
1287.000000	78.474080 
1286.000000	78.469368 
1285.000000	78.466084 
1284.000000	78.465194 
1283.000000	78.466157 
1282.000000	78.467550 
1281.000000	78.466927 
1280.000000	78.461529 
1279.000000	78.451148 
1278.000000	78.439686 
1277.000000	78.431898 
1276.000000	78.428679 
1275.000000	78.427054 
1274.000000	78.423978 
1273.000000	78.418351 
1272.000000	78.410116 
1271.000000	78.399569 
1270.000000	78.387483 
1269.000000	78.374493 
1268.000000	78.360788 
1267.000000	78.347377 
1266.000000	78.336200 
1265.000000	78.327310 
1264.000000	78.317384 
1263.000000	78.303138 
1262.000000	78.285383 
1261.000000	78.267950 
1260.000000	78.253773 
1259.000000	78.243511 
1258.000000	78.236706 
1257.000000	78.232449 
1256.000000	78.229707 
1255.000000	78.228200 
1254.000000	78.227585 
1253.000000	78.225185 
1252.000000	78.217691 
1251.000000	78.207549 
1250.000000	78.204321 
1249.000000	78.215781 
1248.000000	78.239456 
1247.000000	78.265354 
1246.000000	78.284857 
1245.000000	78.294140 
1244.000000	78.292884 
1243.000000	78.286416 
1242.000000	78.287130 
1241.000000	78.305713 
1240.000000	78.339546 
1239.000000	78.374527 
1238.000000	78.399968 
1237.000000	78.417176 
1236.000000	78.432448 
1235.000000	78.448351 
1234.000000	78.464724 
1233.000000	78.482248 
1232.000000	78.499930 
1231.000000	78.512643 
1230.000000	78.516305 
1229.000000	78.513844 
1228.000000	78.512111 
1227.000000	78.513778 
1226.000000	78.515141 
1225.000000	78.511342 
1224.000000	78.501928 
1223.000000	78.492516 
1222.000000	78.492770 
1221.000000	78.511107 
1220.000000	78.548351 
1219.000000	78.595326 
1218.000000	78.637821 
1217.000000	78.665135 
1216.000000	78.674287 
1215.000000	78.668642 
1214.000000	78.654801 
1213.000000	78.639589 
1212.000000	78.627930 
1211.000000	78.622290 
1210.000000	78.622800 
1209.000000	78.627131 
1208.000000	78.631577 
1207.000000	78.634220 
1206.000000	78.636454 
1205.000000	78.639399 
1204.000000	78.639606 
1203.000000	78.631436 
1202.000000	78.613846 
1201.000000	78.592037 
1200.000000	78.571984 
1199.000000	78.555812 
1198.000000	78.542616 
1197.000000	78.530612 
1196.000000	78.517523 
1195.000000	78.501640 
1194.000000	78.484184 
1193.000000	78.469024 
1192.000000	78.459022 
1191.000000	78.453659 
1190.000000	78.450317 
1189.000000	78.446505 
1188.000000	78.440949 
1187.000000	78.434177 
1186.000000	78.428003 
1185.000000	78.422951 
1184.000000	78.417019 
1183.000000	78.409106 
1182.000000	78.402487 
1181.000000	78.401485 
1180.000000	78.405153 
1179.000000	78.407816 
1178.000000	78.406016 
1177.000000	78.401104 
1176.000000	78.394315 
1175.000000	78.383950 
1174.000000	78.369488 
1173.000000	78.354635 
1172.000000	78.343522 
1171.000000	78.336433 
1170.000000	78.331185 
1169.000000	78.326330 
1168.000000	78.321264 
1167.000000	78.315248 
1166.000000	78.308440 
1165.000000	78.302804 
1164.000000	78.300630 
1163.000000	78.302817 
1162.000000	78.308739 
1161.000000	78.316408 
1160.000000	78.322881 
1159.000000	78.326610 
1158.000000	78.329448 
1157.000000	78.333781 
1156.000000	78.337695 
1155.000000	78.336251 
1154.000000	78.328409 
1153.000000	78.319409 
1152.000000	78.314702 
1151.000000	78.314145 
1150.000000	78.314119 
1149.000000	78.313101 
1148.000000	78.312672 
1147.000000	78.314043 
1146.000000	78.315587 
1145.000000	78.313996 
1144.000000	78.307382 
1143.000000	78.297510 
1142.000000	78.288722 
1141.000000	78.283640 
1140.000000	78.280441 
1139.000000	78.275398 
1138.000000	78.267127 
1137.000000	78.256970 
1136.000000	78.246332 
1135.000000	78.235892 
1134.000000	78.226562 
1133.000000	78.218455 
1132.000000	78.209427 
1131.000000	78.197208 
1130.000000	78.182281 
1129.000000	78.166462 
1128.000000	78.149786 
1127.000000	78.131601 
1126.000000	78.113594 
1125.000000	78.098186 
1124.000000	78.084502 
1123.000000	78.069566 
1122.000000	78.053494 
1121.000000	78.040078 
1120.000000	78.031685 
1119.000000	78.026284 
1118.000000	78.019696 
1117.000000	78.008266 
1116.000000	77.989524 
1115.000000	77.963629 
1114.000000	77.935032 
1113.000000	77.910145 
1112.000000	77.892298 
1111.000000	77.879975 
1110.000000	77.869347 
1109.000000	77.857121 
1108.000000	77.842263 
1107.000000	77.827496 
1106.000000	77.818000 
1105.000000	77.816247 
1104.000000	77.819211 
1103.000000	77.822792 
1102.000000	77.827528 
1101.000000	77.837573 
1100.000000	77.855818 
1099.000000	77.882233 
1098.000000	77.914674 
1097.000000	77.947817 
1096.000000	77.973428 
1095.000000	77.984761 
1094.000000	77.978622 
1093.000000	77.951128 
1092.000000	77.897074 
1091.000000	77.819591 
1090.000000	77.735493 
1089.000000	77.661681 
1088.000000	77.597756 
1087.000000	77.530249 
1086.000000	77.452204 
1085.000000	77.369777 
1084.000000	77.289919 
1083.000000	77.211443 
1082.000000	77.131343 
1081.000000	77.052429 
1080.000000	76.980469 
1079.000000	76.918603 
1078.000000	76.868185 
1077.000000	76.831635 
1076.000000	76.810782 
1075.000000	76.804257 
1074.000000	76.808865 
1073.000000	76.821445 
1072.000000	76.836389 
1071.000000	76.842375 
1070.000000	76.825499 
1069.000000	76.779825 
1068.000000	76.717976 
1067.000000	76.670396 
1066.000000	76.667210 
1065.000000	76.715421 
1064.000000	76.794660 
1063.000000	76.875944 
1062.000000	76.941817 
1061.000000	76.987884 
1060.000000	77.015483 
1059.000000	77.034180 
1058.000000	77.065750 
1057.000000	77.129448 
1056.000000	77.219241 
1055.000000	77.305564 
1054.000000	77.364624 
1053.000000	77.398156 
1052.000000	77.419881 
1051.000000	77.431765 
1050.000000	77.423237 
1049.000000	77.388881 
1048.000000	77.336298 
1047.000000	77.278011 
1046.000000	77.222588 
1045.000000	77.173154 
1044.000000	77.130054 
1043.000000	77.093628 
1042.000000	77.064009 
1041.000000	77.037434 
1040.000000	77.006250 
1039.000000	76.968834 
1038.000000	76.938800 
1037.000000	76.935880 
1036.000000	76.964807 
1035.000000	77.009162 
1034.000000	77.048823 
1033.000000	77.077284 
1032.000000	77.096774 
1031.000000	77.104686 
1030.000000	77.096102 
1029.000000	77.078273 
1028.000000	77.072206 
1027.000000	77.094859 
1026.000000	77.142922 
1025.000000	77.196836 
1024.000000	77.239475 
1023.000000	77.269027 
1022.000000	77.294579 
1021.000000	77.321888 
1020.000000	77.346207 
1019.000000	77.360082 
1018.000000	77.365325 
1017.000000	77.372799 
1016.000000	77.390900 
1015.000000	77.418980 
1014.000000	77.451948 
1013.000000	77.485794 
1012.000000	77.516785 
1011.000000	77.540808 
1010.000000	77.558118 
1009.000000	77.575754 
1008.000000	77.601223 
1007.000000	77.635116 
1006.000000	77.671762 
1005.000000	77.705150 
1004.000000	77.732628 
1003.000000	77.755433 
1002.000000	77.778063 
1001.000000	77.805062 
1000.000000	77.836423 
999.000000	 77.867857 
998.000000	 77.896584 
997.000000	 77.924119 
996.000000	 77.952128 
995.000000	 77.979101 
994.000000	 78.003298 
993.000000	 78.025892 
992.000000	 78.048774 
991.000000	 78.072101 
990.000000	 78.096105 
989.000000	 78.121974 
988.000000	 78.148667 
987.000000	 78.172535 
986.000000	 78.193210 
985.000000	 78.216412 
984.000000	 78.247257 
983.000000	 78.283836 
982.000000	 78.321431 
981.000000	 78.359289 
980.000000	 78.398250 
979.000000	 78.434727 
978.000000	 78.463138 
977.000000	 78.483533 
976.000000	 78.501955 
975.000000	 78.523571 
974.000000	 78.548971 
973.000000	 78.576335 
972.000000	 78.602993 
971.000000	 78.625309 
970.000000	 78.641367 
969.000000	 78.654156 
968.000000	 78.669022 
967.000000	 78.687804 
966.000000	 78.708074 
965.000000	 78.728038 
964.000000	 78.749341 
963.000000	 78.774434 
962.000000	 78.802972 
961.000000	 78.831541 
960.000000	 78.856426 
959.000000	 78.876749 
958.000000	 78.894657 
957.000000	 78.911312 
956.000000	 78.923901 
955.000000	 78.929463 
954.000000	 78.931081 
953.000000	 78.936254 
952.000000	 78.948392 
951.000000	 78.964059 
950.000000	 78.979440 
949.000000	 78.994520 
948.000000	 79.009077 
947.000000	 79.019883 
946.000000	 79.025343 
945.000000	 79.028874 
944.000000	 79.034021 
943.000000	 79.039502 
942.000000	 79.042699 
941.000000	 79.044857 
940.000000	 79.048936 
939.000000	 79.054848 
938.000000	 79.060655 
937.000000	 79.066497 
936.000000	 79.073626 
935.000000	 79.081007 
934.000000	 79.086392 
933.000000	 79.089994 
932.000000	 79.094205 
931.000000	 79.099923 
930.000000	 79.105057 
929.000000	 79.106679 
928.000000	 79.104118 
927.000000	 79.100662 
926.000000	 79.101875 
925.000000	 79.110555 
924.000000	 79.123682 
923.000000	 79.136070 
922.000000	 79.145919 
921.000000	 79.153815 
920.000000	 79.158124 
919.000000	 79.157029 
918.000000	 79.154887 
917.000000	 79.159768 
916.000000	 79.172652 
915.000000	 79.184995 
914.000000	 79.189809 
913.000000	 79.189659 
912.000000	 79.190067 
911.000000	 79.190280 
910.000000	 79.185417 
909.000000	 79.174445 
908.000000	 79.161819 
907.000000	 79.153750 
906.000000	 79.155332 
905.000000	 79.167709 
904.000000	 79.185403 
903.000000	 79.200065 
902.000000	 79.209849 
901.000000	 79.221256 
900.000000	 79.239416 
899.000000	 79.261936 
898.000000	 79.285044 
897.000000	 79.309992 
896.000000	 79.337915 
895.000000	 79.363717 
894.000000	 79.381938 
893.000000	 79.395836 
892.000000	 79.414640 
891.000000	 79.443893 
890.000000	 79.483440 
889.000000	 79.532294 
888.000000	 79.588968 
887.000000	 79.647284 
886.000000	 79.697596 
885.000000	 79.733562 
884.000000	 79.755054 
883.000000	 79.765132 
882.000000	 79.766999 
881.000000	 79.763290 
880.000000	 79.755573 
879.000000	 79.743959 
878.000000	 79.727915 
877.000000	 79.707483 
876.000000	 79.684549 
875.000000	 79.663742 
874.000000	 79.649290 
873.000000	 79.638055 
872.000000	 79.619697 
871.000000	 79.589828 
870.000000	 79.560277 
869.000000	 79.548080 
868.000000	 79.555319 
867.000000	 79.568064 
866.000000	 79.575588 
865.000000	 79.582535 
864.000000	 79.598742 
863.000000	 79.624933 
862.000000	 79.652938 
861.000000	 79.674342 
860.000000	 79.684552 
859.000000	 79.683724 
858.000000	 79.678762 
857.000000	 79.679975 
856.000000	 79.691241 
855.000000	 79.706854 
854.000000	 79.720628 
853.000000	 79.733112 
852.000000	 79.746133 
851.000000	 79.756550 
850.000000	 79.761707 
849.000000	 79.766639 
848.000000	 79.778658 
847.000000	 79.796816 
846.000000	 79.812601 
845.000000	 79.819926 
844.000000	 79.819752 
843.000000	 79.816490 
842.000000	 79.814493 
841.000000	 79.816914 
840.000000	 79.823614 
839.000000	 79.830080 
838.000000	 79.831788 
837.000000	 79.830283 
836.000000	 79.832562 
835.000000	 79.843645 
834.000000	 79.861181 
833.000000	 79.877592 
832.000000	 79.886070 
831.000000	 79.884494 
830.000000	 79.875859 
829.000000	 79.866458 
828.000000	 79.862888 
827.000000	 79.869318 
826.000000	 79.885201 
825.000000	 79.903277 
824.000000	 79.911647 
823.000000	 79.902808 
822.000000	 79.882284 
821.000000	 79.865115 
820.000000	 79.861565 
819.000000	 79.868907 
818.000000	 79.877189 
817.000000	 79.879422 
816.000000	 79.875235 
815.000000	 79.868139 
814.000000	 79.862167 
813.000000	 79.859887 
812.000000	 79.861273 
811.000000	 79.863894 
810.000000	 79.864067 
809.000000	 79.857580 
808.000000	 79.841327 
807.000000	 79.816867 
806.000000	 79.791071 
805.000000	 79.769466 
804.000000	 79.749537 
803.000000	 79.724666 
802.000000	 79.694556 
801.000000	 79.667383 
800.000000	 79.651151 
799.000000	 79.647515 
798.000000	 79.654609 
797.000000	 79.671021 
796.000000	 79.694548 
795.000000	 79.720044 
794.000000	 79.741354 
793.000000	 79.755053 
792.000000	 79.762589 
791.000000	 79.770498 
790.000000	 79.786425 
789.000000	 79.810621 
788.000000	 79.832503 
787.000000	 79.840671 
786.000000	 79.835920 
785.000000	 79.829257 
784.000000	 79.827665 
783.000000	 79.828058 
782.000000	 79.825809 
781.000000	 79.822447 
780.000000	 79.822469 
779.000000	 79.828216 
778.000000	 79.840723 
777.000000	 79.860882 
776.000000	 79.887027 
775.000000	 79.915091 
774.000000	 79.943020 
773.000000	 79.971732 
772.000000	 80.000572 
771.000000	 80.025480 
770.000000	 80.043073 
769.000000	 80.053602 
768.000000	 80.059817 
767.000000	 80.066103 
766.000000	 80.077466 
765.000000	 80.094491 
764.000000	 80.110030 
763.000000	 80.116514 
762.000000	 80.116217 
761.000000	 80.118661 
760.000000	 80.127761 
759.000000	 80.138097 
758.000000	 80.144779 
757.000000	 80.150250 
756.000000	 80.158940 
755.000000	 80.170317 
754.000000	 80.180153 
753.000000	 80.185618 
752.000000	 80.187655 
751.000000	 80.190849 
750.000000	 80.201126 
749.000000	 80.220431 
748.000000	 80.243241 
747.000000	 80.261408 
746.000000	 80.273038 
745.000000	 80.282557 
744.000000	 80.292449 
743.000000	 80.300592 
742.000000	 80.306697 
741.000000	 80.314779 
740.000000	 80.326635 
739.000000	 80.338515 
738.000000	 80.347518 
737.000000	 80.356362 
736.000000	 80.368005 
735.000000	 80.379464 
734.000000	 80.385677 
733.000000	 80.386783 
732.000000	 80.387461 
731.000000	 80.391306 
730.000000	 80.400165 
729.000000	 80.416167 
728.000000	 80.438572 
727.000000	 80.460373 
726.000000	 80.474189 
725.000000	 80.480909 
724.000000	 80.488438 
723.000000	 80.502576 
722.000000	 80.522313 
721.000000	 80.542921 
720.000000	 80.560024 
719.000000	 80.571518 
718.000000	 80.578087 
717.000000	 80.581398 
716.000000	 80.580970 
715.000000	 80.574512 
714.000000	 80.562674 
713.000000	 80.551046 
712.000000	 80.544570 
711.000000	 80.542958 
710.000000	 80.544081 
709.000000	 80.548439 
708.000000	 80.558119 
707.000000	 80.572941 
706.000000	 80.590972 
705.000000	 80.610630 
704.000000	 80.628566 
703.000000	 80.638701 
702.000000	 80.637661 
701.000000	 80.630055 
700.000000	 80.624533 
699.000000	 80.623327 
698.000000	 80.619372 
697.000000	 80.605374 
696.000000	 80.584879 
695.000000	 80.573530 
694.000000	 80.586540 
693.000000	 80.624785 
692.000000	 80.673678 
691.000000	 80.715931 
690.000000	 80.745574 
689.000000	 80.766551 
688.000000	 80.781799 
687.000000	 80.791240 
686.000000	 80.797988 
685.000000	 80.808386 
684.000000	 80.824438 
683.000000	 80.842085 
682.000000	 80.859831 
681.000000	 80.883383 
680.000000	 80.917506 
679.000000	 80.956373 
678.000000	 80.986654 
677.000000	 81.001326 
676.000000	 81.005780 
675.000000	 81.011355 
674.000000	 81.025955 
673.000000	 81.048678 
672.000000	 81.066771 
671.000000	 81.062752 
670.000000	 81.032006 
669.000000	 81.000269 
668.000000	 81.014327 
667.000000	 81.088602 
666.000000	 81.188991 
665.000000	 81.282419 
664.000000	 81.361182 
663.000000	 81.429872 
662.000000	 81.492939 
661.000000	 81.550360 
660.000000	 81.597326 
659.000000	 81.632054 
658.000000	 81.665472 
657.000000	 81.713164 
656.000000	 81.772423 
655.000000	 81.822914 
654.000000	 81.856280 
653.000000	 81.886232 
652.000000	 81.920637 
651.000000	 81.948175 
650.000000	 81.964116 

