4000.000000	92.327253 
3999.000000	92.329288 
3998.000000	92.327873 
3997.000000	92.323716 
3996.000000	92.318276 
3995.000000	92.313222 
3994.000000	92.309706 
3993.000000	92.307904 
3992.000000	92.307246 
3991.000000	92.307206 
3990.000000	92.307884 
3989.000000	92.309688 
3988.000000	92.312662 
3987.000000	92.316269 
3986.000000	92.319694 
3985.000000	92.322213 
3984.000000	92.323343 
3983.000000	92.323035 
3982.000000	92.321920 
3981.000000	92.321058 
3980.000000	92.321205 
3979.000000	92.322051 
3978.000000	92.322242 
3977.000000	92.320640 
3976.000000	92.317633 
3975.000000	92.314988 
3974.000000	92.314258 
3973.000000	92.315188 
3972.000000	92.316041 
3971.000000	92.315350 
3970.000000	92.313076 
3969.000000	92.310261 
3968.000000	92.307862 
3967.000000	92.306113 
3966.000000	92.304787 
3965.000000	92.303778 
3964.000000	92.303309 
3963.000000	92.303619 
3962.000000	92.304621 
3961.000000	92.305957 
3960.000000	92.307382 
3959.000000	92.308939 
3958.000000	92.310661 
3957.000000	92.312186 
3956.000000	92.312914 
3955.000000	92.312649 
3954.000000	92.311886 
3953.000000	92.311360 
3952.000000	92.311343 
3951.000000	92.311466 
3950.000000	92.311152 
3949.000000	92.310169 
3948.000000	92.308786 
3947.000000	92.307467 
3946.000000	92.306552 
3945.000000	92.306161 
3944.000000	92.306232 
3943.000000	92.306472 
3942.000000	92.306350 
3941.000000	92.305389 
3940.000000	92.303520 
3939.000000	92.301099 
3938.000000	92.298719 
3937.000000	92.296943 
3936.000000	92.296092 
3935.000000	92.296191 
3934.000000	92.296941 
3933.000000	92.297712 
3932.000000	92.297798 
3931.000000	92.296883 
3930.000000	92.295272 
3929.000000	92.293696 
3928.000000	92.292665 
3927.000000	92.292082 
3926.000000	92.291464 
3925.000000	92.290449 
3924.000000	92.289055 
3923.000000	92.287523 
3922.000000	92.286064 
3921.000000	92.284768 
3920.000000	92.283645 
3919.000000	92.282628 
3918.000000	92.281618 
3917.000000	92.280617 
3916.000000	92.279777 
3915.000000	92.279243 
3914.000000	92.278986 
3913.000000	92.278756 
3912.000000	92.278180 
3911.000000	92.276925 
3910.000000	92.274941 
3909.000000	92.272681 
3908.000000	92.270968 
3907.000000	92.270500 
3906.000000	92.271273 
3905.000000	92.272346 
3904.000000	92.272431 
3903.000000	92.270952 
3902.000000	92.268246 
3901.000000	92.264917 
3900.000000	92.261367 
3899.000000	92.257948 
3898.000000	92.255155 
3897.000000	92.253356 
3896.000000	92.252588 
3895.000000	92.252707 
3894.000000	92.253473 
3893.000000	92.254371 
3892.000000	92.254676 
3891.000000	92.253988 
3890.000000	92.252605 
3889.000000	92.251166 
3888.000000	92.249926 
3887.000000	92.248663 
3886.000000	92.247375 
3885.000000	92.246356 
3884.000000	92.245710 
3883.000000	92.245216 
3882.000000	92.244527 
3881.000000	92.243457 
3880.000000	92.242181 
3879.000000	92.241095 
3878.000000	92.240433 
3877.000000	92.239886 
3876.000000	92.238690 
3875.000000	92.236403 
3874.000000	92.233477 
3873.000000	92.230869 
3872.000000	92.229046 
3871.000000	92.227729 
3870.000000	92.226540 
3869.000000	92.225282 
3868.000000	92.223710 
3867.000000	92.221673 
3866.000000	92.219697 
3865.000000	92.218934 
3864.000000	92.219953 
3863.000000	92.221808 
3862.000000	92.222883 
3861.000000	92.222373 
3860.000000	92.220444 
3859.000000	92.217774 
3858.000000	92.215244 
3857.000000	92.213628 
3856.000000	92.212610 
3855.000000	92.210598 
3854.000000	92.207268 
3853.000000	92.204696 
3852.000000	92.204489 
3851.000000	92.206161 
3850.000000	92.208232 
3849.000000	92.209617 
3848.000000	92.209807 
3847.000000	92.208512 
3846.000000	92.205856 
3845.000000	92.202489 
3844.000000	92.199120 
3843.000000	92.195936 
3842.000000	92.192664 
3841.000000	92.189221 
3840.000000	92.186208 
3839.000000	92.184274 
3838.000000	92.183298 
3837.000000	92.182942 
3836.000000	92.183562 
3835.000000	92.185900 
3834.000000	92.189964 
3833.000000	92.194557 
3832.000000	92.198273 
3831.000000	92.200575 
3830.000000	92.201882 
3829.000000	92.202684 
3828.000000	92.202949 
3827.000000	92.202732 
3826.000000	92.202898 
3825.000000	92.204325 
3824.000000	92.206227 
3823.000000	92.205833 
3822.000000	92.201861 
3821.000000	92.196507 
3820.000000	92.191699 
3819.000000	92.187657 
3818.000000	92.184113 
3817.000000	92.181706 
3816.000000	92.183383 
3815.000000	92.190470 
3814.000000	92.198480 
3813.000000	92.201005 
3812.000000	92.195598 
3811.000000	92.184760 
3810.000000	92.173028 
3809.000000	92.163095 
3808.000000	92.155576 
3807.000000	92.151503 
3806.000000	92.151662 
3805.000000	92.155133 
3804.000000	92.159850 
3803.000000	92.163054 
3802.000000	92.164556 
3801.000000	92.168441 
3800.000000	92.178006 
3799.000000	92.192134 
3798.000000	92.206493 
3797.000000	92.217197 
3796.000000	92.223432 
3795.000000	92.226713 
3794.000000	92.228353 
3793.000000	92.228322 
3792.000000	92.226058 
3791.000000	92.221437 
3790.000000	92.215032 
3789.000000	92.207872 
3788.000000	92.201041 
3787.000000	92.195514 
3786.000000	92.192162 
3785.000000	92.191352 
3784.000000	92.192256 
3783.000000	92.192549 
3782.000000	92.189952 
3781.000000	92.184623 
3780.000000	92.179866 
3779.000000	92.179036 
3778.000000	92.181880 
3777.000000	92.185076 
3776.000000	92.186117 
3775.000000	92.186094 
3774.000000	92.188426 
3773.000000	92.194731 
3772.000000	92.202539 
3771.000000	92.207719 
3770.000000	92.208425 
3769.000000	92.205535 
3768.000000	92.200244 
3767.000000	92.192996 
3766.000000	92.185210 
3765.000000	92.180376 
3764.000000	92.181281 
3763.000000	92.186369 
3762.000000	92.190574 
3761.000000	92.190141 
3760.000000	92.185740 
3759.000000	92.180171 
3758.000000	92.175024 
3757.000000	92.170131 
3756.000000	92.164174 
3755.000000	92.155475 
3754.000000	92.143565 
3753.000000	92.131570 
3752.000000	92.124664 
3751.000000	92.122870 
3750.000000	92.120550 
3749.000000	92.115605 
3748.000000	92.112932 
3747.000000	92.117320 
3746.000000	92.125469 
3745.000000	92.132885 
3744.000000	92.141820 
3743.000000	92.150641 
3742.000000	92.152315 
3741.000000	92.145875 
3740.000000	92.139259 
3739.000000	92.140517 
3738.000000	92.147684 
3737.000000	92.152100 
3736.000000	92.150923 
3735.000000	92.149505 
3734.000000	92.151719 
3733.000000	92.155640 
3732.000000	92.159184 
3731.000000	92.163282 
3730.000000	92.168137 
3729.000000	92.169942 
3728.000000	92.163647 
3727.000000	92.149854 
3726.000000	92.136176 
3725.000000	92.129161 
3724.000000	92.127563 
3723.000000	92.124962 
3722.000000	92.117294 
3721.000000	92.106486 
3720.000000	92.097283 
3719.000000	92.091314 
3718.000000	92.085860 
3717.000000	92.077969 
3716.000000	92.067327 
3715.000000	92.055327 
3714.000000	92.042914 
3713.000000	92.030333 
3712.000000	92.017728 
3711.000000	92.004816 
3710.000000	91.991240 
3709.000000	91.976799 
3708.000000	91.961403 
3707.000000	91.945931 
3706.000000	91.932153 
3705.000000	91.921210 
3704.000000	91.912591 
3703.000000	91.904880 
3702.000000	91.897029 
3701.000000	91.888794 
3700.000000	91.880206 
3699.000000	91.870677 
3698.000000	91.859306 
3697.000000	91.846250 
3696.000000	91.832256 
3695.000000	91.816502 
3694.000000	91.796932 
3693.000000	91.773205 
3692.000000	91.748532 
3691.000000	91.727669 
3690.000000	91.713106 
3689.000000	91.705166 
3688.000000	91.703985 
3687.000000	91.707786 
3686.000000	91.711935 
3685.000000	91.712928 
3684.000000	91.711599 
3683.000000	91.711084 
3682.000000	91.711376 
3681.000000	91.707743 
3680.000000	91.695607 
3679.000000	91.675455 
3678.000000	91.651541 
3677.000000	91.629024 
3676.000000	91.614102 
3675.000000	91.609073 
3674.000000	91.608583 
3673.000000	91.606154 
3672.000000	91.598704 
3671.000000	91.586809 
3670.000000	91.574889 
3669.000000	91.567127 
3668.000000	91.563977 
3667.000000	91.563281 
3666.000000	91.562057 
3665.000000	91.557957 
3664.000000	91.550587 
3663.000000	91.541568 
3662.000000	91.532882 
3661.000000	91.525516 
3660.000000	91.519483 
3659.000000	91.514548 
3658.000000	91.510307 
3657.000000	91.506868 
3656.000000	91.505297 
3655.000000	91.505988 
3654.000000	91.507613 
3653.000000	91.507763 
3652.000000	91.504723 
3651.000000	91.500697 
3650.000000	91.500847 
3649.000000	91.506225 
3648.000000	91.512385 
3647.000000	91.515274 
3646.000000	91.515051 
3645.000000	91.514712 
3644.000000	91.516835 
3643.000000	91.521381 
3642.000000	91.525359 
3641.000000	91.524579 
3640.000000	91.516895 
3639.000000	91.505231 
3638.000000	91.496617 
3637.000000	91.496484 
3636.000000	91.503937 
3635.000000	91.513203 
3634.000000	91.520022 
3633.000000	91.525120 
3632.000000	91.530772 
3631.000000	91.534736 
3630.000000	91.532328 
3629.000000	91.525211 
3628.000000	91.520684 
3627.000000	91.522165 
3626.000000	91.526118 
3625.000000	91.527104 
3624.000000	91.523449 
3623.000000	91.518700 
3622.000000	91.518426 
3621.000000	91.525765 
3620.000000	91.538658 
3619.000000	91.550794 
3618.000000	91.557756 
3617.000000	91.561495 
3616.000000	91.566465 
3615.000000	91.574164 
3614.000000	91.583188 
3613.000000	91.592428 
3612.000000	91.602422 
3611.000000	91.613506 
3610.000000	91.624427 
3609.000000	91.634111 
3608.000000	91.643160 
3607.000000	91.652447 
3606.000000	91.661603 
3605.000000	91.669773 
3604.000000	91.676772 
3603.000000	91.682965 
3602.000000	91.688150 
3601.000000	91.691803 
3600.000000	91.694466 
3599.000000	91.698275 
3598.000000	91.705538 
3597.000000	91.716699 
3596.000000	91.729590 
3595.000000	91.740869 
3594.000000	91.748526 
3593.000000	91.753352 
3592.000000	91.758537 
3591.000000	91.767350 
3590.000000	91.780342 
3589.000000	91.794598 
3588.000000	91.805090 
3587.000000	91.807743 
3586.000000	91.803047 
3585.000000	91.795291 
3584.000000	91.787834 
3583.000000	91.781198 
3582.000000	91.775113 
3581.000000	91.770574 
3580.000000	91.769133 
3579.000000	91.770863 
3578.000000	91.774418 
3577.000000	91.779133 
3576.000000	91.786121 
3575.000000	91.796400 
3574.000000	91.808474 
3573.000000	91.818801 
3572.000000	91.824838 
3571.000000	91.826773 
3570.000000	91.825961 
3569.000000	91.823049 
3568.000000	91.818103 
3567.000000	91.811555 
3566.000000	91.805226 
3565.000000	91.802129 
3564.000000	91.804066 
3563.000000	91.810044 
3562.000000	91.817237 
3561.000000	91.822971 
3560.000000	91.826143 
3559.000000	91.827206 
3558.000000	91.827389 
3557.000000	91.828064 
3556.000000	91.830292 
3555.000000	91.834295 
3554.000000	91.839039 
3553.000000	91.842725 
3552.000000	91.844204 
3551.000000	91.844002 
3550.000000	91.843671 
3549.000000	91.844122 
3548.000000	91.844860 
3547.000000	91.844830 
3546.000000	91.843824 
3545.000000	91.842946 
3544.000000	91.843616 
3543.000000	91.846246 
3542.000000	91.850055 
3541.000000	91.853862 
3540.000000	91.856943 
3539.000000	91.859322 
3538.000000	91.861493 
3537.000000	91.864021 
3536.000000	91.867155 
3535.000000	91.870689 
3534.000000	91.874178 
3533.000000	91.877285 
3532.000000	91.879936 
3531.000000	91.882197 
3530.000000	91.884204 
3529.000000	91.886215 
3528.000000	91.888444 
3527.000000	91.890616 
3526.000000	91.891928 
3525.000000	91.891819 
3524.000000	91.890779 
3523.000000	91.890139 
3522.000000	91.890922 
3521.000000	91.893222 
3520.000000	91.896686 
3519.000000	91.901142 
3518.000000	91.906332 
3517.000000	91.911326 
3516.000000	91.914806 
3515.000000	91.916126 
3514.000000	91.915940 
3513.000000	91.915819 
3512.000000	91.917206 
3511.000000	91.920692 
3510.000000	91.925938 
3509.000000	91.931816 
3508.000000	91.936885 
3507.000000	91.940270 
3506.000000	91.942235 
3505.000000	91.943994 
3504.000000	91.946680 
3503.000000	91.950353 
3502.000000	91.954233 
3501.000000	91.957707 
3500.000000	91.960723 
3499.000000	91.963335 
3498.000000	91.965440 
3497.000000	91.967124 
3496.000000	91.968864 
3495.000000	91.971066 
3494.000000	91.973615 
3493.000000	91.976179 
3492.000000	91.978815 
3491.000000	91.981948 
3490.000000	91.985773 
3489.000000	91.989967 
3488.000000	91.994019 
3487.000000	91.997639 
3486.000000	92.000789 
3485.000000	92.003543 
3484.000000	92.005959 
3483.000000	92.007925 
3482.000000	92.009210 
3481.000000	92.009943 
3480.000000	92.010945 
3479.000000	92.013052 
3478.000000	92.015979 
3477.000000	92.018360 
3476.000000	92.019219 
3475.000000	92.019169 
3474.000000	92.019845 
3473.000000	92.022177 
3472.000000	92.025680 
3471.000000	92.029265 
3470.000000	92.032272 
3469.000000	92.034571 
3468.000000	92.036333 
3467.000000	92.038114 
3466.000000	92.040735 
3465.000000	92.044526 
3464.000000	92.048685 
3463.000000	92.051786 
3462.000000	92.053131 
3461.000000	92.053429 
3460.000000	92.054213 
3459.000000	92.056404 
3458.000000	92.059676 
3457.000000	92.063024 
3456.000000	92.065817 
3455.000000	92.068204 
3454.000000	92.070600 
3453.000000	92.073222 
3452.000000	92.076265 
3451.000000	92.080080 
3450.000000	92.084737 
3449.000000	92.089507 
3448.000000	92.093329 
3447.000000	92.095938 
3446.000000	92.098119 
3445.000000	92.100624 
3444.000000	92.103230 
3443.000000	92.105315 
3442.000000	92.106948 
3441.000000	92.108853 
3440.000000	92.111352 
3439.000000	92.113857 
3438.000000	92.115659 
3437.000000	92.116930 
3436.000000	92.118631 
3435.000000	92.121431 
3434.000000	92.125002 
3433.000000	92.128351 
3432.000000	92.130770 
3431.000000	92.132292 
3430.000000	92.133402 
3429.000000	92.134586 
3428.000000	92.136208 
3427.000000	92.138571 
3426.000000	92.141776 
3425.000000	92.145496 
3424.000000	92.149069 
3423.000000	92.151938 
3422.000000	92.153943 
3421.000000	92.155270 
3420.000000	92.156365 
3419.000000	92.157950 
3418.000000	92.160642 
3417.000000	92.164182 
3416.000000	92.167278 
3415.000000	92.168814 
3414.000000	92.169124 
3413.000000	92.169694 
3412.000000	92.171358 
3411.000000	92.173262 
3410.000000	92.174079 
3409.000000	92.173768 
3408.000000	92.173649 
3407.000000	92.174784 
3406.000000	92.176861 
3405.000000	92.178756 
3404.000000	92.179696 
3403.000000	92.179648 
3402.000000	92.179080 
3401.000000	92.178745 
3400.000000	92.179455 
3399.000000	92.181529 
3398.000000	92.184421 
3397.000000	92.187094 
3396.000000	92.188755 
3395.000000	92.189203 
3394.000000	92.188763 
3393.000000	92.188305 
3392.000000	92.189009 
3391.000000	92.191472 
3390.000000	92.194910 
3389.000000	92.197574 
3388.000000	92.198451 
3387.000000	92.198362 
3386.000000	92.199152 
3385.000000	92.201856 
3384.000000	92.205939 
3383.000000	92.210169 
3382.000000	92.213860 
3381.000000	92.216968 
3380.000000	92.219309 
3379.000000	92.220331 
3378.000000	92.219794 
3377.000000	92.218348 
3376.000000	92.217141 
3375.000000	92.216926 
3374.000000	92.217753 
3373.000000	92.219312 
3372.000000	92.221200 
3371.000000	92.222953 
3370.000000	92.224166 
3369.000000	92.224748 
3368.000000	92.224874 
3367.000000	92.224601 
3366.000000	92.223802 
3365.000000	92.222662 
3364.000000	92.221993 
3363.000000	92.222598 
3362.000000	92.224162 
3361.000000	92.225159 
3360.000000	92.224244 
3359.000000	92.221701 
3358.000000	92.219337 
3357.000000	92.218705 
3356.000000	92.219501 
3355.000000	92.219877 
3354.000000	92.218315 
3353.000000	92.215086 
3352.000000	92.211947 
3351.000000	92.210587 
3350.000000	92.211503 
3349.000000	92.214021 
3348.000000	92.216823 
3347.000000	92.218659 
3346.000000	92.219062 
3345.000000	92.218657 
3344.000000	92.218581 
3343.000000	92.219217 
3342.000000	92.219707 
3341.000000	92.218973 
3340.000000	92.216893 
3339.000000	92.214103 
3338.000000	92.211029 
3337.000000	92.207744 
3336.000000	92.204731 
3335.000000	92.202988 
3334.000000	92.202942 
3333.000000	92.203605 
3332.000000	92.203321 
3331.000000	92.201464 
3330.000000	92.198967 
3329.000000	92.197115 
3328.000000	92.196128 
3327.000000	92.195268 
3326.000000	92.194000 
3325.000000	92.192526 
3324.000000	92.191144 
3323.000000	92.189584 
3322.000000	92.187310 
3321.000000	92.184283 
3320.000000	92.181042 
3319.000000	92.178057 
3318.000000	92.175318 
3317.000000	92.172709 
3316.000000	92.170375 
3315.000000	92.168441 
3314.000000	92.166588 
3313.000000	92.164258 
3312.000000	92.161348 
3311.000000	92.158374 
3310.000000	92.155819 
3309.000000	92.153512 
3308.000000	92.150868 
3307.000000	92.147597 
3306.000000	92.143915 
3305.000000	92.140216 
3304.000000	92.136768 
3303.000000	92.133681 
3302.000000	92.130947 
3301.000000	92.128385 
3300.000000	92.125674 
3299.000000	92.122579 
3298.000000	92.119121 
3297.000000	92.115494 
3296.000000	92.111887 
3295.000000	92.108388 
3294.000000	92.105029 
3293.000000	92.101842 
3292.000000	92.098853 
3291.000000	92.096050 
3290.000000	92.093325 
3289.000000	92.090441 
3288.000000	92.087160 
3287.000000	92.083439 
3286.000000	92.079561 
3285.000000	92.075996 
3284.000000	92.072985 
3283.000000	92.070413 
3282.000000	92.067938 
3281.000000	92.065321 
3280.000000	92.062488 
3279.000000	92.059359 
3278.000000	92.055809 
3277.000000	92.051846 
3276.000000	92.047718 
3275.000000	92.043758 
3274.000000	92.040192 
3273.000000	92.037129 
3272.000000	92.034560 
3271.000000	92.032270 
3270.000000	92.029911 
3269.000000	92.027318 
3268.000000	92.024666 
3267.000000	92.022172 
3266.000000	92.019723 
3265.000000	92.016968 
3264.000000	92.013794 
3263.000000	92.010564 
3262.000000	92.007753 
3261.000000	92.005442 
3260.000000	92.003237 
3259.000000	92.000737 
3258.000000	91.997974 
3257.000000	91.995283 
3256.000000	91.992797 
3255.000000	91.990229 
3254.000000	91.987277 
3253.000000	91.984082 
3252.000000	91.981086 
3251.000000	91.978462 
3250.000000	91.975927 
3249.000000	91.973177 
3248.000000	91.970278 
3247.000000	91.967485 
3246.000000	91.964851 
3245.000000	91.962219 
3244.000000	91.959523 
3243.000000	91.956791 
3242.000000	91.953847 
3241.000000	91.950383 
3240.000000	91.946446 
3239.000000	91.942620 
3238.000000	91.939469 
3237.000000	91.936940 
3236.000000	91.934485 
3235.000000	91.931672 
3234.000000	91.928567 
3233.000000	91.925452 
3232.000000	91.922464 
3231.000000	91.919575 
3230.000000	91.916772 
3229.000000	91.914075 
3228.000000	91.911428 
3227.000000	91.908706 
3226.000000	91.905808 
3225.000000	91.902731 
3224.000000	91.899608 
3223.000000	91.896707 
3222.000000	91.894319 
3221.000000	91.892496 
3220.000000	91.890814 
3219.000000	91.888559 
3218.000000	91.885364 
3217.000000	91.881498 
3216.000000	91.877632 
3215.000000	91.874234 
3214.000000	91.871295 
3213.000000	91.868600 
3212.000000	91.866031 
3211.000000	91.863537 
3210.000000	91.860926 
3209.000000	91.857931 
3208.000000	91.854552 
3207.000000	91.851174 
3206.000000	91.848169 
3205.000000	91.845479 
3204.000000	91.842747 
3203.000000	91.839866 
3202.000000	91.837173 
3201.000000	91.835022 
3200.000000	91.833402 
3199.000000	91.831991 
3198.000000	91.830416 
3197.000000	91.828464 
3196.000000	91.826134 
3195.000000	91.823614 
3194.000000	91.821210 
3193.000000	91.819110 
3192.000000	91.817226 
3191.000000	91.815261 
3190.000000	91.812997 
3189.000000	91.810478 
3188.000000	91.807932 
3187.000000	91.805572 
3186.000000	91.803445 
3185.000000	91.801461 
3184.000000	91.799479 
3183.000000	91.797390 
3182.000000	91.795175 
3181.000000	91.792904 
3180.000000	91.790690 
3179.000000	91.788600 
3178.000000	91.786619 
3177.000000	91.784713 
3176.000000	91.782880 
3175.000000	91.781097 
3174.000000	91.779252 
3173.000000	91.777221 
3172.000000	91.775014 
3171.000000	91.772774 
3170.000000	91.770607 
3169.000000	91.768484 
3168.000000	91.766373 
3167.000000	91.764333 
3166.000000	91.762441 
3165.000000	91.760669 
3164.000000	91.758881 
3163.000000	91.756967 
3162.000000	91.754915 
3161.000000	91.752812 
3160.000000	91.750790 
3159.000000	91.748923 
3158.000000	91.747193 
3157.000000	91.745471 
3156.000000	91.743627 
3155.000000	91.741670 
3154.000000	91.739780 
3153.000000	91.738144 
3152.000000	91.736778 
3151.000000	91.735533 
3150.000000	91.734286 
3149.000000	91.733031 
3148.000000	91.731773 
3147.000000	91.730390 
3146.000000	91.728730 
3145.000000	91.726832 
3144.000000	91.724997 
3143.000000	91.723527 
3142.000000	91.722367 
3141.000000	91.721152 
3140.000000	91.719669 
3139.000000	91.718183 
3138.000000	91.717164 
3137.000000	91.716756 
3136.000000	91.716613 
3135.000000	91.716235 
3134.000000	91.715397 
3133.000000	91.714220 
3132.000000	91.712982 
3131.000000	91.711910 
3130.000000	91.711118 
3129.000000	91.710664 
3128.000000	91.710605 
3127.000000	91.710901 
3126.000000	91.711256 
3125.000000	91.711255 
3124.000000	91.710787 
3123.000000	91.710215 
3122.000000	91.709939 
3121.000000	91.709820 
3120.000000	91.709273 
3119.000000	91.708008 
3118.000000	91.706463 
3117.000000	91.705477 
3116.000000	91.705565 
3115.000000	91.706548 
3114.000000	91.707672 
3113.000000	91.708079 
3112.000000	91.707393 
3111.000000	91.706031 
3110.000000	91.705029 
3109.000000	91.705323 
3108.000000	91.707071 
3107.000000	91.709480 
3106.000000	91.711363 
3105.000000	91.712112 
3104.000000	91.711982 
3103.000000	91.711459 
3102.000000	91.710566 
3101.000000	91.709067 
3100.000000	91.707341 
3099.000000	91.706457 
3098.000000	91.707070 
3097.000000	91.708597 
3096.000000	91.709679 
3095.000000	91.709282 
3094.000000	91.707113 
3093.000000	91.703408 
3092.000000	91.698996 
3091.000000	91.695385 
3090.000000	91.693928 
3089.000000	91.694754 
3088.000000	91.696785 
3087.000000	91.698833 
3086.000000	91.700407 
3085.000000	91.701480 
3084.000000	91.702174 
3083.000000	91.702841 
3082.000000	91.703789 
3081.000000	91.704625 
3080.000000	91.704505 
3079.000000	91.703342 
3078.000000	91.702126 
3077.000000	91.701671 
3076.000000	91.701731 
3075.000000	91.701798 
3074.000000	91.702055 
3073.000000	91.702988 
3072.000000	91.704724 
3071.000000	91.707300 
3070.000000	91.710828 
3069.000000	91.714581 
3068.000000	91.716595 
3067.000000	91.715210 
3066.000000	91.711007 
3065.000000	91.706860 
3064.000000	91.706036 
3063.000000	91.709732 
3062.000000	91.715295 
3061.000000	91.717154 
3060.000000	91.711658 
3059.000000	91.701695 
3058.000000	91.694590 
3057.000000	91.693878 
3056.000000	91.695295 
3055.000000	91.693104 
3054.000000	91.688064 
3053.000000	91.685676 
3052.000000	91.687733 
3051.000000	91.689837 
3050.000000	91.688027 
3049.000000	91.684099 
3048.000000	91.682345 
3047.000000	91.683380 
3046.000000	91.683854 
3045.000000	91.680993 
3044.000000	91.674925 
3043.000000	91.667046 
3042.000000	91.658371 
3041.000000	91.649981 
3040.000000	91.643403 
3039.000000	91.639343 
3038.000000	91.636699 
3037.000000	91.633786 
3036.000000	91.630293 
3035.000000	91.627168 
3034.000000	91.624439 
3033.000000	91.620067 
3032.000000	91.611925 
3031.000000	91.600636 
3030.000000	91.589107 
3029.000000	91.578946 
3028.000000	91.568727 
3027.000000	91.556388 
3026.000000	91.541918 
3025.000000	91.526376 
3024.000000	91.509161 
3023.000000	91.488329 
3022.000000	91.463824 
3021.000000	91.438658 
3020.000000	91.416169 
3019.000000	91.397203 
3018.000000	91.380662 
3017.000000	91.365460 
3016.000000	91.350662 
3015.000000	91.334760 
3014.000000	91.316705 
3013.000000	91.297565 
3012.000000	91.279443 
3011.000000	91.262234 
3010.000000	91.242908 
3009.000000	91.219087 
3008.000000	91.192450 
3007.000000	91.167390 
3006.000000	91.146650 
3005.000000	91.129350 
3004.000000	91.112940 
3003.000000	91.095621 
3002.000000	91.076738 
3001.000000	91.056757 
3000.000000	91.038087 
2999.000000	91.024535 
2998.000000	91.017979 
2997.000000	91.015838 
2996.000000	91.012970 
2995.000000	91.005574 
2994.000000	90.992012 
2993.000000	90.971245 
2992.000000	90.944035 
2991.000000	90.916484 
2990.000000	90.899391 
2989.000000	90.901632 
2988.000000	90.924736 
2987.000000	90.964088 
2986.000000	91.013116 
2985.000000	91.064909 
2984.000000	91.112400 
2983.000000	91.151023 
2982.000000	91.181489 
2981.000000	91.207734 
2980.000000	91.231688 
2979.000000	91.251438 
2978.000000	91.264166 
2977.000000	91.268814 
2976.000000	91.265986 
2975.000000	91.257622 
2974.000000	91.247190 
2973.000000	91.237549 
2972.000000	91.227170 
2971.000000	91.210541 
2970.000000	91.184286 
2969.000000	91.151933 
2968.000000	91.121292 
2967.000000	91.097918 
2966.000000	91.082153 
2965.000000	91.071027 
2964.000000	91.060865 
2963.000000	91.048798 
2962.000000	91.034261 
2961.000000	91.019805 
2960.000000	91.009349 
2959.000000	91.005217 
2958.000000	91.007484 
2957.000000	91.015683 
2956.000000	91.029559 
2955.000000	91.047746 
2954.000000	91.067058 
2953.000000	91.084191 
2952.000000	91.097882 
2951.000000	91.108910 
2950.000000	91.118342 
2949.000000	91.126264 
2948.000000	91.132051 
2947.000000	91.135417 
2946.000000	91.137161 
2945.000000	91.139081 
2944.000000	91.143126 
2943.000000	91.150428 
2942.000000	91.160905 
2941.000000	91.173549 
2940.000000	91.186993 
2939.000000	91.200101 
2938.000000	91.212239 
2937.000000	91.222958 
2936.000000	91.231695 
2935.000000	91.238141 
2934.000000	91.242716 
2933.000000	91.245791 
2932.000000	91.246153 
2931.000000	91.241344 
2930.000000	91.230514 
2929.000000	91.216289 
2928.000000	91.202573 
2927.000000	91.190796 
2926.000000	91.179880 
2925.000000	91.169755 
2924.000000	91.162800 
2923.000000	91.160690 
2922.000000	91.161455 
2921.000000	91.161455 
2920.000000	91.159625 
2919.000000	91.158003 
2918.000000	91.158096 
2917.000000	91.158273 
2916.000000	91.155264 
2915.000000	91.147205 
2914.000000	91.134816 
2913.000000	91.120791 
2912.000000	91.108890 
2911.000000	91.102450 
2910.000000	91.102003 
2909.000000	91.104243 
2908.000000	91.104915 
2907.000000	91.103259 
2906.000000	91.102118 
2905.000000	91.102974 
2904.000000	91.102944 
2903.000000	91.099221 
2902.000000	91.095794 
2901.000000	91.102054 
2900.000000	91.123072 
2899.000000	91.152792 
2898.000000	91.178467 
2897.000000	91.192324 
2896.000000	91.197043 
2895.000000	91.200303 
2894.000000	91.206403 
2893.000000	91.213782 
2892.000000	91.218945 
2891.000000	91.220760 
2890.000000	91.220925 
2889.000000	91.221644 
2888.000000	91.223621 
2887.000000	91.226182 
2886.000000	91.229023 
2885.000000	91.233584 
2884.000000	91.242308 
2883.000000	91.256449 
2882.000000	91.274768 
2881.000000	91.294278 
2880.000000	91.311975 
2879.000000	91.326216 
2878.000000	91.337262 
2877.000000	91.346818 
2876.000000	91.356135 
2875.000000	91.363990 
2874.000000	91.367472 
2873.000000	91.365795 
2872.000000	91.362751 
2871.000000	91.364032 
2870.000000	91.371865 
2869.000000	91.383236 
2868.000000	91.393344 
2867.000000	91.400178 
2866.000000	91.405545 
2865.000000	91.412426 
2864.000000	91.422039 
2863.000000	91.433313 
2862.000000	91.444629 
2861.000000	91.455618 
2860.000000	91.466905 
2859.000000	91.478296 
2858.000000	91.488094 
2857.000000	91.494946 
2856.000000	91.499688 
2855.000000	91.504275 
2854.000000	91.509662 
2853.000000	91.516105 
2852.000000	91.524977 
2851.000000	91.537853 
2850.000000	91.553066 
2849.000000	91.565411 
2848.000000	91.571190 
2847.000000	91.572255 
2846.000000	91.573772 
2845.000000	91.578733 
2844.000000	91.586350 
2843.000000	91.595156 
2842.000000	91.605090 
2841.000000	91.616060 
2840.000000	91.626457 
2839.000000	91.634305 
2838.000000	91.638927 
2837.000000	91.640790 
2836.000000	91.640707 
2835.000000	91.639991 
2834.000000	91.640470 
2833.000000	91.643114 
2832.000000	91.646809 
2831.000000	91.649484 
2830.000000	91.650598 
2829.000000	91.651749 
2828.000000	91.654562 
2827.000000	91.658631 
2826.000000	91.662152 
2825.000000	91.664243 
2824.000000	91.665736 
2823.000000	91.667487 
2822.000000	91.668821 
2821.000000	91.668538 
2820.000000	91.666809 
2819.000000	91.664896 
2818.000000	91.663342 
2817.000000	91.661853 
2816.000000	91.661077 
2815.000000	91.662843 
2814.000000	91.667733 
2813.000000	91.673635 
2812.000000	91.677895 
2811.000000	91.680130 
2810.000000	91.681812 
2809.000000	91.683770 
2808.000000	91.685446 
2807.000000	91.686188 
2806.000000	91.685785 
2805.000000	91.683873 
2804.000000	91.680182 
2803.000000	91.675663 
2802.000000	91.672493 
2801.000000	91.672331 
2800.000000	91.675065 
2799.000000	91.679279 
2798.000000	91.683307 
2797.000000	91.685957 
2796.000000	91.686905 
2795.000000	91.686677 
2794.000000	91.686130 
2793.000000	91.685806 
2792.000000	91.685875 
2791.000000	91.686493 
2790.000000	91.687770 
2789.000000	91.689449 
2788.000000	91.691028 
2787.000000	91.692302 
2786.000000	91.693521 
2785.000000	91.694879 
2784.000000	91.696078 
2783.000000	91.696617 
2782.000000	91.696375 
2781.000000	91.695775 
2780.000000	91.695443 
2779.000000	91.695790 
2778.000000	91.696858 
2777.000000	91.698369 
2776.000000	91.699847 
2775.000000	91.700848 
2774.000000	91.701196 
2773.000000	91.701052 
2772.000000	91.700798 
2771.000000	91.700750 
2770.000000	91.700881 
2769.000000	91.700901 
2768.000000	91.700700 
2767.000000	91.700613 
2766.000000	91.701106 
2765.000000	91.702184 
2764.000000	91.703293 
2763.000000	91.703885 
2762.000000	91.703993 
2761.000000	91.704118 
2760.000000	91.704596 
2759.000000	91.705255 
2758.000000	91.705722 
2757.000000	91.705937 
2756.000000	91.706282 
2755.000000	91.707158 
2754.000000	91.708514 
2753.000000	91.709778 
2752.000000	91.710382 
2751.000000	91.710341 
2750.000000	91.710283 
2749.000000	91.710851 
2748.000000	91.712156 
2747.000000	91.713893 
2746.000000	91.715747 
2745.000000	91.717503 
2744.000000	91.718832 
2743.000000	91.719327 
2742.000000	91.718905 
2741.000000	91.718021 
2740.000000	91.717329 
2739.000000	91.717156 
2738.000000	91.717424 
2737.000000	91.717995 
2736.000000	91.718912 
2735.000000	91.720235 
2734.000000	91.721748 
2733.000000	91.723018 
2732.000000	91.723798 
2731.000000	91.724263 
2730.000000	91.724763 
2729.000000	91.725402 
2728.000000	91.726016 
2727.000000	91.726569 
2726.000000	91.727317 
2725.000000	91.728410 
2724.000000	91.729510 
2723.000000	91.730065 
2722.000000	91.729914 
2721.000000	91.729371 
2720.000000	91.728768 
2719.000000	91.728173 
2718.000000	91.727616 
2717.000000	91.727368 
2716.000000	91.727774 
2715.000000	91.728918 
2714.000000	91.730520 
2713.000000	91.732078 
2712.000000	91.733081 
2711.000000	91.733178 
2710.000000	91.732386 
2709.000000	91.731170 
2708.000000	91.730211 
2707.000000	91.729948 
2706.000000	91.730329 
2705.000000	91.730875 
2704.000000	91.731008 
2703.000000	91.730465 
2702.000000	91.729474 
2701.000000	91.728549 
2700.000000	91.728018 
2699.000000	91.727781 
2698.000000	91.727518 
2697.000000	91.727100 
2696.000000	91.726720 
2695.000000	91.726608 
2694.000000	91.726709 
2693.000000	91.726685 
2692.000000	91.726221 
2691.000000	91.725293 
2690.000000	91.724195 
2689.000000	91.723325 
2688.000000	91.722886 
2687.000000	91.722804 
2686.000000	91.722866 
2685.000000	91.722912 
2684.000000	91.722839 
2683.000000	91.722527 
2682.000000	91.721937 
2681.000000	91.721298 
2680.000000	91.720977 
2679.000000	91.721034 
2678.000000	91.721089 
2677.000000	91.720775 
2676.000000	91.720225 
2675.000000	91.719866 
2674.000000	91.719842 
2673.000000	91.719982 
2672.000000	91.720253 
2671.000000	91.720805 
2670.000000	91.721528 
2669.000000	91.721958 
2668.000000	91.721801 
2667.000000	91.721250 
2666.000000	91.720783 
2665.000000	91.720694 
2664.000000	91.721010 
2663.000000	91.721706 
2662.000000	91.722717 
2661.000000	91.723737 
2660.000000	91.724389 
2659.000000	91.724644 
2658.000000	91.724820 
2657.000000	91.725140 
2656.000000	91.725424 
2655.000000	91.725439 
2654.000000	91.725284 
2653.000000	91.725285 
2652.000000	91.725607 
2651.000000	91.726126 
2650.000000	91.726601 
2649.000000	91.726902 
2648.000000	91.727089 
2647.000000	91.727322 
2646.000000	91.727686 
2645.000000	91.728117 
2644.000000	91.728514 
2643.000000	91.728876 
2642.000000	91.729285 
2641.000000	91.729768 
2640.000000	91.730266 
2639.000000	91.730745 
2638.000000	91.731242 
2637.000000	91.731739 
2636.000000	91.732099 
2635.000000	91.732229 
2634.000000	91.732220 
2633.000000	91.732261 
2632.000000	91.732430 
2631.000000	91.732685 
2630.000000	91.732996 
2629.000000	91.733378 
2628.000000	91.733787 
2627.000000	91.734108 
2626.000000	91.734304 
2625.000000	91.734504 
2624.000000	91.734815 
2623.000000	91.735139 
2622.000000	91.735289 
2621.000000	91.735219 
2620.000000	91.735113 
2619.000000	91.735245 
2618.000000	91.735719 
2617.000000	91.736306 
2616.000000	91.736619 
2615.000000	91.736496 
2614.000000	91.736104 
2613.000000	91.735747 
2612.000000	91.735554 
2611.000000	91.735445 
2610.000000	91.735360 
2609.000000	91.735404 
2608.000000	91.735674 
2607.000000	91.735988 
2606.000000	91.735926 
2605.000000	91.735263 
2604.000000	91.734318 
2603.000000	91.733729 
2602.000000	91.733779 
2601.000000	91.734188 
2600.000000	91.734589 
2599.000000	91.735066 
2598.000000	91.735894 
2597.000000	91.736947 
2596.000000	91.737732 
2595.000000	91.738028 
2594.000000	91.738162 
2593.000000	91.738533 
2592.000000	91.739048 
2591.000000	91.739265 
2590.000000	91.739002 
2589.000000	91.738600 
2588.000000	91.738611 
2587.000000	91.739302 
2586.000000	91.740408 
2585.000000	91.741225 
2584.000000	91.741140 
2583.000000	91.740129 
2582.000000	91.738796 
2581.000000	91.737821 
2580.000000	91.737384 
2579.000000	91.737355 
2578.000000	91.737810 
2577.000000	91.738990 
2576.000000	91.740777 
2575.000000	91.742557 
2574.000000	91.743777 
2573.000000	91.744376 
2572.000000	91.744643 
2571.000000	91.744920 
2570.000000	91.745424 
2569.000000	91.746157 
2568.000000	91.746834 
2567.000000	91.747057 
2566.000000	91.746737 
2565.000000	91.746305 
2564.000000	91.746341 
2563.000000	91.746971 
2562.000000	91.747754 
2561.000000	91.748190 
2560.000000	91.748242 
2559.000000	91.748264 
2558.000000	91.748511 
2557.000000	91.748877 
2556.000000	91.749125 
2555.000000	91.749187 
2554.000000	91.749117 
2553.000000	91.748921 
2552.000000	91.748679 
2551.000000	91.748771 
2550.000000	91.749636 
2549.000000	91.751138 
2548.000000	91.752399 
2547.000000	91.752643 
2546.000000	91.752113 
2545.000000	91.751876 
2544.000000	91.752565 
2543.000000	91.753565 
2542.000000	91.753748 
2541.000000	91.752805 
2540.000000	91.751586 
2539.000000	91.751112 
2538.000000	91.751471 
2537.000000	91.751898 
2536.000000	91.751671 
2535.000000	91.750722 
2534.000000	91.749388 
2533.000000	91.747895 
2532.000000	91.746281 
2531.000000	91.744762 
2530.000000	91.743833 
2529.000000	91.743873 
2528.000000	91.744801 
2527.000000	91.746193 
2526.000000	91.747614 
2525.000000	91.748767 
2524.000000	91.749519 
2523.000000	91.749982 
2522.000000	91.750504 
2521.000000	91.751326 
2520.000000	91.752151 
2519.000000	91.752231 
2518.000000	91.751042 
2517.000000	91.748862 
2516.000000	91.746635 
2515.000000	91.745178 
2514.000000	91.744610 
2513.000000	91.744588 
2512.000000	91.744837 
2511.000000	91.745232 
2510.000000	91.745495 
2509.000000	91.745285 
2508.000000	91.744750 
2507.000000	91.744565 
2506.000000	91.745069 
2505.000000	91.745650 
2504.000000	91.745478 
2503.000000	91.744596 
2502.000000	91.743741 
2501.000000	91.743270 
2500.000000	91.742811 
2499.000000	91.742102 
2498.000000	91.741532 
2497.000000	91.741542 
2496.000000	91.741898 
2495.000000	91.741922 
2494.000000	91.741306 
2493.000000	91.740333 
2492.000000	91.739431 
2491.000000	91.738809 
2490.000000	91.738562 
2489.000000	91.738688 
2488.000000	91.738964 
2487.000000	91.739035 
2486.000000	91.738764 
2485.000000	91.738354 
2484.000000	91.738041 
2483.000000	91.737773 
2482.000000	91.737321 
2481.000000	91.736658 
2480.000000	91.736055 
2479.000000	91.735786 
2478.000000	91.735855 
2477.000000	91.736069 
2476.000000	91.736243 
2475.000000	91.736290 
2474.000000	91.736204 
2473.000000	91.736064 
2472.000000	91.736095 
2471.000000	91.736629 
2470.000000	91.737886 
2469.000000	91.739634 
2468.000000	91.741062 
2467.000000	91.741265 
2466.000000	91.739987 
2465.000000	91.737920 
2464.000000	91.736220 
2463.000000	91.735533 
2462.000000	91.735622 
2461.000000	91.735807 
2460.000000	91.735617 
2459.000000	91.735005 
2458.000000	91.734053 
2457.000000	91.732737 
2456.000000	91.731135 
2455.000000	91.729755 
2454.000000	91.729339 
2453.000000	91.730132 
2452.000000	91.731405 
2451.000000	91.731868 
2450.000000	91.730910 
2449.000000	91.729434 
2448.000000	91.729276 
2447.000000	91.731497 
2446.000000	91.735274 
2445.000000	91.738512 
2444.000000	91.739924 
2443.000000	91.740044 
2442.000000	91.740123 
2441.000000	91.740346 
2440.000000	91.739818 
2439.000000	91.738164 
2438.000000	91.736227 
2437.000000	91.734845 
2436.000000	91.733686 
2435.000000	91.731937 
2434.000000	91.729744 
2433.000000	91.728272 
2432.000000	91.728374 
2431.000000	91.729779 
2430.000000	91.731563 
2429.000000	91.732942 
2428.000000	91.733520 
2427.000000	91.733221 
2426.000000	91.732285 
2425.000000	91.731126 
2424.000000	91.729987 
2423.000000	91.728754 
2422.000000	91.727155 
2421.000000	91.725065 
2420.000000	91.722751 
2419.000000	91.720969 
2418.000000	91.720704 
2417.000000	91.722430 
2416.000000	91.725651 
2415.000000	91.729286 
2414.000000	91.732568 
2413.000000	91.735332 
2412.000000	91.737651 
2411.000000	91.739646 
2410.000000	91.741396 
2409.000000	91.742549 
2408.000000	91.742188 
2407.000000	91.739841 
2406.000000	91.736701 
2405.000000	91.734984 
2404.000000	91.735668 
2403.000000	91.737418 
2402.000000	91.738246 
2401.000000	91.737720 
2400.000000	91.736863 
2399.000000	91.736306 
2398.000000	91.735512 
2397.000000	91.733826 
2396.000000	91.731410 
2395.000000	91.728936 
2394.000000	91.726830 
2393.000000	91.725312 
2392.000000	91.724657 
2391.000000	91.724842 
2390.000000	91.725220 
2389.000000	91.724984 
2388.000000	91.723979 
2387.000000	91.722675 
2386.000000	91.721490 
2385.000000	91.720539 
2384.000000	91.719893 
2383.000000	91.719670 
2382.000000	91.719770 
2381.000000	91.719821 
2380.000000	91.719571 
2379.000000	91.719117 
2378.000000	91.718642 
2377.000000	91.718188 
2376.000000	91.717722 
2375.000000	91.717255 
2374.000000	91.716815 
2373.000000	91.716406 
2372.000000	91.716014 
2371.000000	91.715618 
2370.000000	91.715199 
2369.000000	91.714755 
2368.000000	91.714289 
2367.000000	91.713810 
2366.000000	91.713318 
2365.000000	91.712824 
2364.000000	91.712362 
2363.000000	91.711973 
2362.000000	91.711626 
2361.000000	91.711240 
2360.000000	91.710772 
2359.000000	91.710216 
2358.000000	91.709613 
2357.000000	91.709121 
2356.000000	91.708973 
2355.000000	91.709185 
2354.000000	91.709407 
2353.000000	91.709226 
2352.000000	91.708664 
2351.000000	91.708245 
2350.000000	91.708431 
2349.000000	91.709194 
2348.000000	91.710004 
2347.000000	91.710170 
2346.000000	91.709156 
2345.000000	91.706856 
2344.000000	91.704118 
2343.000000	91.702380 
2342.000000	91.702565 
2341.000000	91.704083 
2340.000000	91.705312 
2339.000000	91.705539 
2338.000000	91.705774 
2337.000000	91.707252 
2336.000000	91.709519 
2335.000000	91.711250 
2334.000000	91.712206 
2333.000000	91.713374 
2332.000000	91.714570 
2331.000000	91.714127 
2330.000000	91.710652 
2329.000000	91.705124 
2328.000000	91.699505 
2327.000000	91.695204 
2326.000000	91.692434 
2325.000000	91.691199 
2324.000000	91.691739 
2323.000000	91.694166 
2322.000000	91.698038 
2321.000000	91.702325 
2320.000000	91.705874 
2319.000000	91.708128 
2318.000000	91.709022 
2317.000000	91.708951 
2316.000000	91.708287 
2315.000000	91.707925 
2314.000000	91.708802 
2313.000000	91.711365 
2312.000000	91.714385 
2311.000000	91.715959 
2310.000000	91.714904 
2309.000000	91.711838 
2308.000000	91.708063 
2307.000000	91.704621 
2306.000000	91.702031 
2305.000000	91.701189 
2304.000000	91.703150 
2303.000000	91.708096 
2302.000000	91.714324 
2301.000000	91.719315 
2300.000000	91.721521 
2299.000000	91.721508 
2298.000000	91.720992 
2297.000000	91.721330 
2296.000000	91.722497 
2295.000000	91.723648 
2294.000000	91.723966 
2293.000000	91.723345 
2292.000000	91.722179 
2291.000000	91.720922 
2290.000000	91.719825 
2289.000000	91.719075 
2288.000000	91.718972 
2287.000000	91.719707 
2286.000000	91.721001 
2285.000000	91.722159 
2284.000000	91.722672 
2283.000000	91.722634 
2282.000000	91.722569 
2281.000000	91.722904 
2280.000000	91.723662 
2279.000000	91.724469 
2278.000000	91.724860 
2277.000000	91.724747 
2276.000000	91.724658 
2275.000000	91.725244 
2274.000000	91.726305 
2273.000000	91.726594 
2272.000000	91.724988 
2271.000000	91.721795 
2270.000000	91.718754 
2269.000000	91.717399 
2268.000000	91.717786 
2267.000000	91.718806 
2266.000000	91.719429 
2265.000000	91.719581 
2264.000000	91.719773 
2263.000000	91.720367 
2262.000000	91.721312 
2261.000000	91.722316 
2260.000000	91.723114 
2259.000000	91.723644 
2258.000000	91.724072 
2257.000000	91.724634 
2256.000000	91.725425 
2255.000000	91.726283 
2254.000000	91.726900 
2253.000000	91.727155 
2252.000000	91.727262 
2251.000000	91.727484 
2250.000000	91.727738 
2249.000000	91.727706 
2248.000000	91.727323 
2247.000000	91.726921 
2246.000000	91.726770 
2245.000000	91.726764 
2244.000000	91.726795 
2243.000000	91.727176 
2242.000000	91.728249 
2241.000000	91.729740 
2240.000000	91.730827 
2239.000000	91.731023 
2238.000000	91.730625 
2237.000000	91.730288 
2236.000000	91.730269 
2235.000000	91.730357 
2234.000000	91.730386 
2233.000000	91.730459 
2232.000000	91.730725 
2231.000000	91.731141 
2230.000000	91.731529 
2229.000000	91.731758 
2228.000000	91.731852 
2227.000000	91.731959 
2226.000000	91.732232 
2225.000000	91.732698 
2224.000000	91.733263 
2223.000000	91.733804 
2222.000000	91.734252 
2221.000000	91.734623 
2220.000000	91.734971 
2219.000000	91.735331 
2218.000000	91.735693 
2217.000000	91.736033 
2216.000000	91.736346 
2215.000000	91.736657 
2214.000000	91.736988 
2213.000000	91.737336 
2212.000000	91.737680 
2211.000000	91.738008 
2210.000000	91.738325 
2209.000000	91.738645 
2208.000000	91.738975 
2207.000000	91.739317 
2206.000000	91.739668 
2205.000000	91.740012 
2204.000000	91.740330 
2203.000000	91.740615 
2202.000000	91.740884 
2201.000000	91.741171 
2200.000000	91.741509 
2199.000000	91.741901 
2198.000000	91.742324 
2197.000000	91.742745 
2196.000000	91.743152 
2195.000000	91.743547 
2194.000000	91.743939 
2193.000000	91.744337 
2192.000000	91.744737 
2191.000000	91.745126 
2190.000000	91.745495 
2189.000000	91.745845 
2188.000000	91.746194 
2187.000000	91.746568 
2186.000000	91.746971 
2185.000000	91.747385 
2184.000000	91.747769 
2183.000000	91.748084 
2182.000000	91.748319 
2181.000000	91.748494 
2180.000000	91.748640 
2179.000000	91.748785 
2178.000000	91.748943 
2177.000000	91.749101 
2176.000000	91.749227 
2175.000000	91.749306 
2174.000000	91.749365 
2173.000000	91.749432 
2172.000000	91.749492 
2171.000000	91.749513 
2170.000000	91.749524 
2169.000000	91.749618 
2168.000000	91.749863 
2167.000000	91.750232 
2166.000000	91.750585 
2165.000000	91.750790 
2164.000000	91.750811 
2163.000000	91.750728 
2162.000000	91.750656 
2161.000000	91.750641 
2160.000000	91.750672 
2159.000000	91.750751 
2158.000000	91.750910 
2157.000000	91.751113 
2156.000000	91.751185 
2155.000000	91.750964 
2154.000000	91.750517 
2153.000000	91.750113 
2152.000000	91.749878 
2151.000000	91.749653 
2150.000000	91.749292 
2149.000000	91.748979 
2148.000000	91.749017 
2147.000000	91.749395 
2146.000000	91.749724 
2145.000000	91.749657 
2144.000000	91.749218 
2143.000000	91.748694 
2142.000000	91.748326 
2141.000000	91.748142 
2140.000000	91.748019 
2139.000000	91.747829 
2138.000000	91.747603 
2137.000000	91.747559 
2136.000000	91.747921 
2135.000000	91.748711 
2134.000000	91.749706 
2133.000000	91.750571 
2132.000000	91.751047 
2131.000000	91.751073 
2130.000000	91.750821 
2129.000000	91.750592 
2128.000000	91.750611 
2127.000000	91.750876 
2126.000000	91.751143 
2125.000000	91.751062 
2124.000000	91.750421 
2123.000000	91.749362 
2122.000000	91.748404 
2121.000000	91.748071 
2120.000000	91.748451 
2119.000000	91.749170 
2118.000000	91.749690 
2117.000000	91.749757 
2116.000000	91.749470 
2115.000000	91.749035 
2114.000000	91.748578 
2113.000000	91.748181 
2112.000000	91.747967 
2111.000000	91.747995 
2110.000000	91.748143 
2109.000000	91.748212 
2108.000000	91.748169 
2107.000000	91.748213 
2106.000000	91.748527 
2105.000000	91.749044 
2104.000000	91.749487 
2103.000000	91.749660 
2102.000000	91.749661 
2101.000000	91.749782 
2100.000000	91.750192 
2099.000000	91.750769 
2098.000000	91.751230 
2097.000000	91.751435 
2096.000000	91.751508 
2095.000000	91.751665 
2094.000000	91.751955 
2093.000000	91.752222 
2092.000000	91.752308 
2091.000000	91.752224 
2090.000000	91.752097 
2089.000000	91.752048 
2088.000000	91.752132 
2087.000000	91.752364 
2086.000000	91.752714 
2085.000000	91.753059 
2084.000000	91.753262 
2083.000000	91.753326 
2082.000000	91.753415 
2081.000000	91.753679 
2080.000000	91.754069 
2079.000000	91.754408 
2078.000000	91.754621 
2077.000000	91.754751 
2076.000000	91.754778 
2075.000000	91.754637 
2074.000000	91.754414 
2073.000000	91.754288 
2072.000000	91.754236 
2071.000000	91.754061 
2070.000000	91.753736 
2069.000000	91.753506 
2068.000000	91.753559 
2067.000000	91.753788 
2066.000000	91.753954 
2065.000000	91.753955 
2064.000000	91.753794 
2063.000000	91.753460 
2062.000000	91.753044 
2061.000000	91.752817 
2060.000000	91.752919 
2059.000000	91.753017 
2058.000000	91.752558 
2057.000000	91.751365 
2056.000000	91.749819 
2055.000000	91.748475 
2054.000000	91.747662 
2053.000000	91.747490 
2052.000000	91.747911 
2051.000000	91.748629 
2050.000000	91.749149 
2049.000000	91.749164 
2048.000000	91.748796 
2047.000000	91.748323 
2046.000000	91.747695 
2045.000000	91.746583 
2044.000000	91.744869 
2043.000000	91.742930 
2042.000000	91.741377 
2041.000000	91.740515 
2040.000000	91.740118 
2039.000000	91.739740 
2038.000000	91.739189 
2037.000000	91.738649 
2036.000000	91.738383 
2035.000000	91.738409 
2034.000000	91.738496 
2033.000000	91.738449 
2032.000000	91.738284 
2031.000000	91.738074 
2030.000000	91.737701 
2029.000000	91.736911 
2028.000000	91.735632 
2027.000000	91.734157 
2026.000000	91.732959 
2025.000000	91.732317 
2024.000000	91.732152 
2023.000000	91.732163 
2022.000000	91.732061 
2021.000000	91.731719 
2020.000000	91.731163 
2019.000000	91.730457 
2018.000000	91.729599 
2017.000000	91.728603 
2016.000000	91.727707 
2015.000000	91.727371 
2014.000000	91.727900 
2013.000000	91.729048 
2012.000000	91.730060 
2011.000000	91.730229 
2010.000000	91.729387 
2009.000000	91.727813 
2008.000000	91.725846 
2007.000000	91.723693 
2006.000000	91.721612 
2005.000000	91.720032 
2004.000000	91.719384 
2003.000000	91.719796 
2002.000000	91.720943 
2001.000000	91.722157 
2000.000000	91.722749 
1999.000000	91.722349 
1998.000000	91.721023 
1997.000000	91.719208 
1996.000000	91.717521 
1995.000000	91.716483 
1994.000000	91.716236 
1993.000000	91.716441 
1992.000000	91.716630 
1991.000000	91.716820 
1990.000000	91.717475 
1989.000000	91.718729 
1988.000000	91.719993 
1987.000000	91.720557 
1986.000000	91.720412 
1985.000000	91.720159 
1984.000000	91.720199 
1983.000000	91.720392 
1982.000000	91.720458 
1981.000000	91.720348 
1980.000000	91.720031 
1979.000000	91.719420 
1978.000000	91.718729 
1977.000000	91.718568 
1976.000000	91.719332 
1975.000000	91.720602 
1974.000000	91.721423 
1973.000000	91.721238 
1972.000000	91.720429 
1971.000000	91.719957 
1970.000000	91.720429 
1969.000000	91.721470 
1968.000000	91.722020 
1967.000000	91.721469 
1966.000000	91.720545 
1965.000000	91.720729 
1964.000000	91.722705 
1963.000000	91.725757 
1962.000000	91.728661 
1961.000000	91.730858 
1960.000000	91.732445 
1959.000000	91.733335 
1958.000000	91.733148 
1957.000000	91.732047 
1956.000000	91.730963 
1955.000000	91.730408 
1954.000000	91.729698 
1953.000000	91.727911 
1952.000000	91.725312 
1951.000000	91.723174 
1950.000000	91.722274 
1949.000000	91.722150 
1948.000000	91.721884 
1947.000000	91.721274 
1946.000000	91.720956 
1945.000000	91.721488 
1944.000000	91.722644 
1943.000000	91.723561 
1942.000000	91.723511 
1941.000000	91.722580 
1940.000000	91.721586 
1939.000000	91.721393 
1938.000000	91.722260 
1937.000000	91.723586 
1936.000000	91.724317 
1935.000000	91.723884 
1934.000000	91.722747 
1933.000000	91.721918 
1932.000000	91.721876 
1931.000000	91.721985 
1930.000000	91.721318 
1929.000000	91.720003 
1928.000000	91.719163 
1927.000000	91.719522 
1926.000000	91.720273 
1925.000000	91.720025 
1924.000000	91.718576 
1923.000000	91.717216 
1922.000000	91.717208 
1921.000000	91.718420 
1920.000000	91.719698 
1919.000000	91.719898 
1918.000000	91.718217 
1917.000000	91.714569 
1916.000000	91.709991 
1915.000000	91.706121 
1914.000000	91.704007 
1913.000000	91.703384 
1912.000000	91.703223 
1911.000000	91.702953 
1910.000000	91.702831 
1909.000000	91.702937 
1908.000000	91.702400 
1907.000000	91.700315 
1906.000000	91.696717 
1905.000000	91.692630 
1904.000000	91.689313 
1903.000000	91.687510 
1902.000000	91.687286 
1901.000000	91.688040 
1900.000000	91.688694 
1899.000000	91.688491 
1898.000000	91.687382 
1897.000000	91.685647 
1896.000000	91.683412 
1895.000000	91.680859 
1894.000000	91.678727 
1893.000000	91.677875 
1892.000000	91.678200 
1891.000000	91.678515 
1890.000000	91.677677 
1889.000000	91.675830 
1888.000000	91.674203 
1887.000000	91.673615 
1886.000000	91.673842 
1885.000000	91.674263 
1884.000000	91.674677 
1883.000000	91.675320 
1882.000000	91.676280 
1881.000000	91.677179 
1880.000000	91.677619 
1879.000000	91.677860 
1878.000000	91.678483 
1877.000000	91.679526 
1876.000000	91.680647 
1875.000000	91.681895 
1874.000000	91.683530 
1873.000000	91.685025 
1872.000000	91.685098 
1871.000000	91.683343 
1870.000000	91.681526 
1869.000000	91.682274 
1868.000000	91.686061 
1867.000000	91.690590 
1866.000000	91.693540 
1865.000000	91.694731 
1864.000000	91.695279 
1863.000000	91.696186 
1862.000000	91.697830 
1861.000000	91.700016 
1860.000000	91.702060 
1859.000000	91.703279 
1858.000000	91.703781 
1857.000000	91.704469 
1856.000000	91.705957 
1855.000000	91.707887 
1854.000000	91.709610 
1853.000000	91.711166 
1852.000000	91.712798 
1851.000000	91.714312 
1850.000000	91.715337 
1849.000000	91.716051 
1848.000000	91.717089 
1847.000000	91.718627 
1846.000000	91.720162 
1845.000000	91.721297 
1844.000000	91.722524 
1843.000000	91.724650 
1842.000000	91.727326 
1841.000000	91.729349 
1840.000000	91.730145 
1839.000000	91.730228 
1838.000000	91.730449 
1837.000000	91.731263 
1836.000000	91.732532 
1835.000000	91.733857 
1834.000000	91.735065 
1833.000000	91.736411 
1832.000000	91.738238 
1831.000000	91.740529 
1830.000000	91.742240 
1829.000000	91.742009 
1828.000000	91.739790 
1827.000000	91.736749 
1826.000000	91.734002 
1825.000000	91.731913 
1824.000000	91.730809 
1823.000000	91.731515 
1822.000000	91.734436 
1821.000000	91.738931 
1820.000000	91.743747 
1819.000000	91.747806 
1818.000000	91.750143 
1817.000000	91.750231 
1816.000000	91.748851 
1815.000000	91.747506 
1814.000000	91.746537 
1813.000000	91.744482 
1812.000000	91.740934 
1811.000000	91.738641 
1810.000000	91.740518 
1809.000000	91.745845 
1808.000000	91.751416 
1807.000000	91.756005 
1806.000000	91.761277 
1805.000000	91.768019 
1804.000000	91.773800 
1803.000000	91.775430 
1802.000000	91.773236 
1801.000000	91.770519 
1800.000000	91.769877 
1799.000000	91.771060 
1798.000000	91.772799 
1797.000000	91.774823 
1796.000000	91.777175 
1795.000000	91.779421 
1794.000000	91.781756 
1793.000000	91.785125 
1792.000000	91.789920 
1791.000000	91.794591 
1790.000000	91.797145 
1789.000000	91.798134 
1788.000000	91.800831 
1787.000000	91.808206 
1786.000000	91.819576 
1785.000000	91.830419 
1784.000000	91.836892 
1783.000000	91.839390 
1782.000000	91.841121 
1781.000000	91.842731 
1780.000000	91.842269 
1779.000000	91.839649 
1778.000000	91.837665 
1777.000000	91.838268 
1776.000000	91.840443 
1775.000000	91.844037 
1774.000000	91.852983 
1773.000000	91.870487 
1772.000000	91.891840 
1771.000000	91.908900 
1770.000000	91.920582 
1769.000000	91.932452 
1768.000000	91.948434 
1767.000000	91.966051 
1766.000000	91.980612 
1765.000000	91.991048 
1764.000000	92.001187 
1763.000000	92.016694 
1762.000000	92.040061 
1761.000000	92.066516 
1760.000000	92.088911 
1759.000000	92.105362 
1758.000000	92.120488 
1757.000000	92.139200 
1756.000000	92.160523 
1755.000000	92.180704 
1754.000000	92.199132 
1753.000000	92.217941 
1752.000000	92.236924 
1751.000000	92.253102 
1750.000000	92.266054 
1749.000000	92.278914 
1748.000000	92.292004 
1747.000000	92.302389 
1746.000000	92.309700 
1745.000000	92.316294 
1744.000000	92.323297 
1743.000000	92.328829 
1742.000000	92.331199 
1741.000000	92.332123 
1740.000000	92.334959 
1739.000000	92.339115 
1738.000000	92.339807 
1737.000000	92.332944 
1736.000000	92.317767 
1735.000000	92.294241 
1734.000000	92.265056 
1733.000000	92.241515 
1732.000000	92.230795 
1731.000000	92.229268 
1730.000000	92.231673 
1729.000000	92.233590 
1728.000000	92.231226 
1727.000000	92.223265 
1726.000000	92.210926 
1725.000000	92.195995 
1724.000000	92.181007 
1723.000000	92.167980 
1722.000000	92.156032 
1721.000000	92.142255 
1720.000000	92.124910 
1719.000000	92.104839 
1718.000000	92.083510 
1717.000000	92.063538 
1716.000000	92.048732 
1715.000000	92.039415 
1714.000000	92.031738 
1713.000000	92.021408 
1712.000000	92.006745 
1711.000000	91.988856 
1710.000000	91.969593 
1709.000000	91.949520 
1708.000000	91.927819 
1707.000000	91.905107 
1706.000000	91.884445 
1705.000000	91.868552 
1704.000000	91.856212 
1703.000000	91.844389 
1702.000000	91.833752 
1701.000000	91.825247 
1700.000000	91.816036 
1699.000000	91.805381 
1698.000000	91.795013 
1697.000000	91.788952 
1696.000000	91.789534 
1695.000000	91.791093 
1694.000000	91.787628 
1693.000000	91.779453 
1692.000000	91.770905 
1691.000000	91.765785 
1690.000000	91.763651 
1689.000000	91.760555 
1688.000000	91.753711 
1687.000000	91.746133 
1686.000000	91.744209 
1685.000000	91.749381 
1684.000000	91.752383 
1683.000000	91.745878 
1682.000000	91.734229 
1681.000000	91.723304 
1680.000000	91.715605 
1679.000000	91.711780 
1678.000000	91.712046 
1677.000000	91.715906 
1676.000000	91.720304 
1675.000000	91.720926 
1674.000000	91.718232 
1673.000000	91.715037 
1672.000000	91.711537 
1671.000000	91.706527 
1670.000000	91.701003 
1669.000000	91.698460 
1668.000000	91.699250 
1667.000000	91.699389 
1666.000000	91.696388 
1665.000000	91.691688 
1664.000000	91.688450 
1663.000000	91.687816 
1662.000000	91.688455 
1661.000000	91.688887 
1660.000000	91.689025 
1659.000000	91.689630 
1658.000000	91.690479 
1657.000000	91.690056 
1656.000000	91.687295 
1655.000000	91.683410 
1654.000000	91.679561 
1653.000000	91.675283 
1652.000000	91.672815 
1651.000000	91.672977 
1650.000000	91.673773 
1649.000000	91.674671 
1648.000000	91.675880 
1647.000000	91.676494 
1646.000000	91.675866 
1645.000000	91.675200 
1644.000000	91.675343 
1643.000000	91.675421 
1642.000000	91.674393 
1641.000000	91.671906 
1640.000000	91.668276 
1639.000000	91.664644 
1638.000000	91.662584 
1637.000000	91.663457 
1636.000000	91.666056 
1635.000000	91.666943 
1634.000000	91.664997 
1633.000000	91.661929 
1632.000000	91.659454 
1631.000000	91.658304 
1630.000000	91.658546 
1629.000000	91.659903 
1628.000000	91.661598 
1627.000000	91.662002 
1626.000000	91.659864 
1625.000000	91.655697 
1624.000000	91.651952 
1623.000000	91.651065 
1622.000000	91.652879 
1621.000000	91.654862 
1620.000000	91.655387 
1619.000000	91.655797 
1618.000000	91.658520 
1617.000000	91.663130 
1616.000000	91.666060 
1615.000000	91.665896 
1614.000000	91.664698 
1613.000000	91.665027 
1612.000000	91.668102 
1611.000000	91.673094 
1610.000000	91.678155 
1609.000000	91.682140 
1608.000000	91.685255 
1607.000000	91.688143 
1606.000000	91.691115 
1605.000000	91.693778 
1604.000000	91.695766 
1603.000000	91.697745 
1602.000000	91.700485 
1601.000000	91.703630 
1600.000000	91.706323 
1599.000000	91.708655 
1598.000000	91.711421 
1597.000000	91.714800 
1596.000000	91.718668 
1595.000000	91.723547 
1594.000000	91.729942 
1593.000000	91.736980 
1592.000000	91.742994 
1591.000000	91.747352 
1590.000000	91.750819 
1589.000000	91.754215 
1588.000000	91.757702 
1587.000000	91.761425 
1586.000000	91.765634 
1585.000000	91.770159 
1584.000000	91.774175 
1583.000000	91.777678 
1582.000000	91.781920 
1581.000000	91.787696 
1580.000000	91.794314 
1579.000000	91.800912 
1578.000000	91.807627 
1577.000000	91.814483 
1576.000000	91.820401 
1575.000000	91.824784 
1574.000000	91.828209 
1573.000000	91.831168 
1572.000000	91.834339 
1571.000000	91.838855 
1570.000000	91.845233 
1569.000000	91.852330 
1568.000000	91.858283 
1567.000000	91.862956 
1566.000000	91.867558 
1565.000000	91.872800 
1564.000000	91.877950 
1563.000000	91.882220 
1562.000000	91.885787 
1561.000000	91.889492 
1560.000000	91.892961 
1559.000000	91.896051 
1558.000000	91.900704 
1557.000000	91.906573 
1556.000000	91.911243 
1555.000000	91.914133 
1554.000000	91.916478 
1553.000000	91.919680 
1552.000000	91.923915 
1551.000000	91.928509 
1550.000000	91.932719 
1549.000000	91.936134 
1548.000000	91.938753 
1547.000000	91.940937 
1546.000000	91.943366 
1545.000000	91.946686 
1544.000000	91.950951 
1543.000000	91.955627 
1542.000000	91.959892 
1541.000000	91.962853 
1540.000000	91.963986 
1539.000000	91.964276 
1538.000000	91.965416 
1537.000000	91.967491 
1536.000000	91.969777 
1535.000000	91.971990 
1534.000000	91.974329 
1533.000000	91.976985 
1532.000000	91.979715 
1531.000000	91.982095 
1530.000000	91.984003 
1529.000000	91.985685 
1528.000000	91.987541 
1527.000000	91.989830 
1526.000000	91.992479 
1525.000000	91.995099 
1524.000000	91.997307 
1523.000000	91.999032 
1522.000000	92.000485 
1521.000000	92.002047 
1520.000000	92.003994 
1519.000000	92.006318 
1518.000000	92.008907 
1517.000000	92.011578 
1516.000000	92.014024 
1515.000000	92.016128 
1514.000000	92.018118 
1513.000000	92.020240 
1512.000000	92.022513 
1511.000000	92.024769 
1510.000000	92.026896 
1509.000000	92.028959 
1508.000000	92.031082 
1507.000000	92.033247 
1506.000000	92.035359 
1505.000000	92.037475 
1504.000000	92.039678 
1503.000000	92.041983 
1502.000000	92.044424 
1501.000000	92.047027 
1500.000000	92.049766 
1499.000000	92.052673 
1498.000000	92.056023 
1497.000000	92.059938 
1496.000000	92.063548 
1495.000000	92.065607 
1494.000000	92.066073 
1493.000000	92.066140 
1492.000000	92.067133 
1491.000000	92.069724 
1490.000000	92.073593 
1489.000000	92.077595 
1488.000000	92.080736 
1487.000000	92.082924 
1486.000000	92.085002 
1485.000000	92.088160 
1484.000000	92.092260 
1483.000000	92.095771 
1482.000000	92.097309 
1481.000000	92.097310 
1480.000000	92.098088 
1479.000000	92.101646 
1478.000000	92.107792 
1477.000000	92.113727 
1476.000000	92.116357 
1475.000000	92.115719 
1474.000000	92.115507 
1473.000000	92.118289 
1472.000000	92.121899 
1471.000000	92.123976 
1470.000000	92.126249 
1469.000000	92.130890 
1468.000000	92.136949 
1467.000000	92.141560 
1466.000000	92.144330 
1465.000000	92.149094 
1464.000000	92.158404 
1463.000000	92.169379 
1462.000000	92.177522 
1461.000000	92.181582 
1460.000000	92.183399 
1459.000000	92.186300 
1458.000000	92.191515 
1457.000000	92.192885 
1456.000000	92.184101 
1455.000000	92.169316 
1454.000000	92.156215 
1453.000000	92.148424 
1452.000000	92.145836 
1451.000000	92.146187 
1450.000000	92.148410 
1449.000000	92.153065 
1448.000000	92.159014 
1447.000000	92.162348 
1446.000000	92.162176 
1445.000000	92.161476 
1444.000000	92.161625 
1443.000000	92.160392 
1442.000000	92.155097 
1441.000000	92.146600 
1440.000000	92.138105 
1439.000000	92.132068 
1438.000000	92.128671 
1437.000000	92.126269 
1436.000000	92.123621 
1435.000000	92.121649 
1434.000000	92.121494 
1433.000000	92.123597 
1432.000000	92.127088 
1431.000000	92.128351 
1430.000000	92.123033 
1429.000000	92.110543 
1428.000000	92.095449 
1427.000000	92.083084 
1426.000000	92.075955 
1425.000000	92.072637 
1424.000000	92.068670 
1423.000000	92.060790 
1422.000000	92.049470 
1421.000000	92.036487 
1420.000000	92.020747 
1419.000000	91.999586 
1418.000000	91.975153 
1417.000000	91.953524 
1416.000000	91.937285 
1415.000000	91.923606 
1414.000000	91.907493 
1413.000000	91.886578 
1412.000000	91.863969 
1411.000000	91.845378 
1410.000000	91.833293 
1409.000000	91.825769 
1408.000000	91.820663 
1407.000000	91.817713 
1406.000000	91.817880 
1405.000000	91.822741 
1404.000000	91.833788 
1403.000000	91.850605 
1402.000000	91.870276 
1401.000000	91.890187 
1400.000000	91.909375 
1399.000000	91.925453 
1398.000000	91.931150 
1397.000000	91.917600 
1396.000000	91.883947 
1395.000000	91.846907 
1394.000000	91.834384 
1393.000000	91.858879 
1392.000000	91.907050 
1391.000000	91.956135 
1390.000000	91.992203 
1389.000000	92.014593 
1388.000000	92.029161 
1387.000000	92.039618 
1386.000000	92.046366 
1385.000000	92.051237 
1384.000000	92.058402 
1383.000000	92.070895 
1382.000000	92.088382 
1381.000000	92.108560 
1380.000000	92.129185 
1379.000000	92.148272 
1378.000000	92.164589 
1377.000000	92.179009 
1376.000000	92.193808 
1375.000000	92.209749 
1374.000000	92.224786 
1373.000000	92.236279 
1372.000000	92.243673 
1371.000000	92.248165 
1370.000000	92.252069 
1369.000000	92.258588 
1368.000000	92.269549 
1367.000000	92.282716 
1366.000000	92.292797 
1365.000000	92.295906 
1364.000000	92.292703 
1363.000000	92.287760 
1362.000000	92.285505 
1361.000000	92.286649 
1360.000000	92.289623 
1359.000000	92.294241 
1358.000000	92.302140 
1357.000000	92.313697 
1356.000000	92.325665 
1355.000000	92.333314 
1354.000000	92.335171 
1353.000000	92.334201 
1352.000000	92.333682 
1351.000000	92.333238 
1350.000000	92.331230 
1349.000000	92.328415 
1348.000000	92.326649 
1347.000000	92.326573 
1346.000000	92.327974 
1345.000000	92.331053 
1344.000000	92.335290 
1343.000000	92.337615 
1342.000000	92.333969 
1341.000000	92.323536 
1340.000000	92.310668 
1339.000000	92.301344 
1338.000000	92.297485 
1337.000000	92.296237 
1336.000000	92.294334 
1335.000000	92.291533 
1334.000000	92.290100 
1333.000000	92.291873 
1332.000000	92.295974 
1331.000000	92.299259 
1330.000000	92.299215 
1329.000000	92.296313 
1328.000000	92.293520 
1327.000000	92.293698 
1326.000000	92.297447 
1325.000000	92.302495 
1324.000000	92.304873 
1323.000000	92.301695 
1322.000000	92.293664 
1321.000000	92.284715 
1320.000000	92.278574 
1319.000000	92.275895 
1318.000000	92.275055 
1317.000000	92.274970 
1316.000000	92.275754 
1315.000000	92.276947 
1314.000000	92.277104 
1313.000000	92.275884 
1312.000000	92.274972 
1311.000000	92.275547 
1310.000000	92.275948 
1309.000000	92.273611 
1308.000000	92.269001 
1307.000000	92.265937 
1306.000000	92.267541 
1305.000000	92.272733 
1304.000000	92.277264 
1303.000000	92.277493 
1302.000000	92.272825 
1301.000000	92.265440 
1300.000000	92.258272 
1299.000000	92.252755 
1298.000000	92.248090 
1297.000000	92.243076 
1296.000000	92.238480 
1295.000000	92.236397 
1294.000000	92.236864 
1293.000000	92.236555 
1292.000000	92.232043 
1291.000000	92.223471 
1290.000000	92.213718 
1289.000000	92.204714 
1288.000000	92.196151 
1287.000000	92.187400 
1286.000000	92.179052 
1285.000000	92.172462 
1284.000000	92.168903 
1283.000000	92.168893 
1282.000000	92.170952 
1281.000000	92.171244 
1280.000000	92.166184 
1279.000000	92.155755 
1278.000000	92.143117 
1277.000000	92.131246 
1276.000000	92.121060 
1275.000000	92.112387 
1274.000000	92.104749 
1273.000000	92.096483 
1272.000000	92.084713 
1271.000000	92.067677 
1270.000000	92.046898 
1269.000000	92.026574 
1268.000000	92.010985 
1267.000000	92.002102 
1266.000000	91.998029 
1265.000000	91.993266 
1264.000000	91.982060 
1263.000000	91.962836 
1262.000000	91.939089 
1261.000000	91.915785 
1260.000000	91.895596 
1259.000000	91.878369 
1258.000000	91.862724 
1257.000000	91.847778 
1256.000000	91.834259 
1255.000000	91.823750 
1254.000000	91.815523 
1253.000000	91.804967 
1252.000000	91.788122 
1251.000000	91.768370 
1250.000000	91.755485 
1249.000000	91.756187 
1248.000000	91.767581 
1247.000000	91.780786 
1246.000000	91.788160 
1245.000000	91.785385 
1244.000000	91.771182 
1243.000000	91.750936 
1242.000000	91.738722 
1241.000000	91.748052 
1240.000000	91.777813 
1239.000000	91.810999 
1238.000000	91.830121 
1237.000000	91.831388 
1236.000000	91.822523 
1235.000000	91.812035 
1234.000000	91.804619 
1233.000000	91.802697 
1232.000000	91.805210 
1231.000000	91.804857 
1230.000000	91.792807 
1229.000000	91.768494 
1228.000000	91.740727 
1227.000000	91.716624 
1226.000000	91.692475 
1225.000000	91.658791 
1224.000000	91.612658 
1223.000000	91.562357 
1222.000000	91.521101 
1221.000000	91.498371 
1220.000000	91.495214 
1219.000000	91.502888 
1218.000000	91.505398 
1217.000000	91.487791 
1216.000000	91.444952 
1215.000000	91.382705 
1214.000000	91.311313 
1213.000000	91.239231 
1212.000000	91.171908 
1211.000000	91.111822 
1210.000000	91.056771 
1209.000000	91.000935 
1208.000000	90.940850 
1207.000000	90.879210 
1206.000000	90.820799 
1205.000000	90.765806 
1204.000000	90.709095 
1203.000000	90.645039 
1202.000000	90.571708 
1201.000000	90.491763 
1200.000000	90.410864 
1199.000000	90.333897 
1198.000000	90.261132 
1197.000000	90.189013 
1196.000000	90.115278 
1195.000000	90.041368 
1194.000000	89.969364 
1193.000000	89.899662 
1192.000000	89.833008 
1191.000000	89.771165 
1190.000000	89.713077 
1189.000000	89.653720 
1188.000000	89.589945 
1187.000000	89.524746 
1186.000000	89.462242 
1185.000000	89.400830 
1184.000000	89.335405 
1183.000000	89.264826 
1182.000000	89.193043 
1181.000000	89.123392 
1180.000000	89.055338 
1179.000000	88.986682 
1178.000000	88.915481 
1177.000000	88.839230 
1176.000000	88.754818 
1175.000000	88.660803 
1174.000000	88.559177 
1173.000000	88.454836 
1172.000000	88.353544 
1171.000000	88.259122 
1170.000000	88.171214 
1169.000000	88.086623 
1168.000000	88.003541 
1167.000000	87.923569 
1166.000000	87.850386 
1165.000000	87.789785 
1164.000000	87.751351 
1163.000000	87.745306 
1162.000000	87.773948 
1161.000000	87.827032 
1160.000000	87.886522 
1159.000000	87.934913 
1158.000000	87.960266 
1157.000000	87.957752 
1156.000000	87.929073 
1155.000000	87.879640 
1154.000000	87.815104 
1153.000000	87.740442 
1152.000000	87.660666 
1151.000000	87.579279 
1150.000000	87.496307 
1149.000000	87.411140 
1148.000000	87.326986 
1147.000000	87.248138 
1146.000000	87.172664 
1145.000000	87.093239 
1144.000000	87.006740 
1143.000000	86.918016 
1142.000000	86.832367 
1141.000000	86.749340 
1140.000000	86.666330 
1139.000000	86.582890 
1138.000000	86.498117 
1137.000000	86.408538 
1136.000000	86.312594 
1135.000000	86.214000 
1134.000000	86.117573 
1133.000000	86.024736 
1132.000000	85.935257 
1131.000000	85.849077 
1130.000000	85.763618 
1129.000000	85.673639 
1128.000000	85.577095 
1127.000000	85.477975 
1126.000000	85.380999 
1125.000000	85.286889 
1124.000000	85.194405 
1123.000000	85.102701 
1122.000000	85.010128 
1121.000000	84.915702 
1120.000000	84.823386 
1119.000000	84.739259 
1118.000000	84.662249 
1117.000000	84.583337 
1116.000000	84.496046 
1115.000000	84.402333 
1114.000000	84.307005 
1113.000000	84.213390 
1112.000000	84.126349 
1111.000000	84.050923 
1110.000000	83.984308 
1109.000000	83.916317 
1108.000000	83.841525 
1107.000000	83.765109 
1106.000000	83.693471 
1105.000000	83.626140 
1104.000000	83.560840 
1103.000000	83.499518 
1102.000000	83.444735 
1101.000000	83.395873 
1100.000000	83.352770 
1099.000000	83.317138 
1098.000000	83.286276 
1097.000000	83.251132 
1096.000000	83.204741 
1095.000000	83.147085 
1094.000000	83.077816 
1093.000000	82.990740 
1092.000000	82.881786 
1091.000000	82.758562 
1090.000000	82.635723 
1089.000000	82.521751 
1088.000000	82.414194 
1087.000000	82.305953 
1086.000000	82.192902 
1085.000000	82.077356 
1084.000000	81.966139 
1083.000000	81.863408 
1082.000000	81.765261 
1081.000000	81.664960 
1080.000000	81.563063 
1079.000000	81.467213 
1078.000000	81.381958 
1077.000000	81.305188 
1076.000000	81.235189 
1075.000000	81.173389 
1074.000000	81.117958 
1073.000000	81.061809 
1072.000000	80.998099 
1071.000000	80.919513 
1070.000000	80.812180 
1069.000000	80.663454 
1068.000000	80.482206 
1067.000000	80.302342 
1066.000000	80.156399 
1065.000000	80.050222 
1064.000000	79.968540 
1063.000000	79.894966 
1062.000000	79.818347 
1061.000000	79.729921 
1060.000000	79.628536 
1059.000000	79.527767 
1058.000000	79.448123 
1057.000000	79.399070 
1056.000000	79.370432 
1055.000000	79.339549 
1054.000000	79.285849 
1053.000000	79.202705 
1052.000000	79.097612 
1051.000000	78.978588 
1050.000000	78.841899 
1049.000000	78.679160 
1048.000000	78.493178 
1047.000000	78.296412 
1046.000000	78.095671 
1045.000000	77.890116 
1044.000000	77.684106 
1043.000000	77.489209 
1042.000000	77.309677 
1041.000000	77.136091 
1040.000000	76.958957 
1039.000000	76.782430 
1038.000000	76.621643 
1037.000000	76.492272 
1036.000000	76.403149 
1035.000000	76.350564 
1034.000000	76.317756 
1033.000000	76.286547 
1032.000000	76.249324 
1031.000000	76.205062 
1030.000000	76.151378 
1029.000000	76.092595 
1028.000000	76.049372 
1027.000000	76.042611 
1026.000000	76.067127 
1025.000000	76.096002 
1024.000000	76.112154 
1023.000000	76.121115 
1022.000000	76.132161 
1021.000000	76.142863 
1020.000000	76.145756 
1019.000000	76.137302 
1018.000000	76.116887 
1017.000000	76.088583 
1016.000000	76.066276 
1015.000000	76.064791 
1014.000000	76.081975 
1013.000000	76.099684 
1012.000000	76.104997 
1011.000000	76.100856 
1010.000000	76.095691 
1009.000000	76.095042 
1008.000000	76.105136 
1007.000000	76.131494 
1006.000000	76.169165 
1005.000000	76.204419 
1004.000000	76.230432 
1003.000000	76.253674 
1002.000000	76.283271 
1001.000000	76.322529 
1000.000000	76.371646 
999.000000	 76.429456 
998.000000	 76.490989 
997.000000	 76.551267 
996.000000	 76.611914 
995.000000	 76.677039 
994.000000	 76.744399 
993.000000	 76.808857 
992.000000	 76.872079 
991.000000	 76.939461 
990.000000	 77.010064 
989.000000	 77.079576 
988.000000	 77.150763 
987.000000	 77.230608 
986.000000	 77.319703 
985.000000	 77.415094 
984.000000	 77.520573 
983.000000	 77.642671 
982.000000	 77.779161 
981.000000	 77.922465 
980.000000	 78.071600 
979.000000	 78.229506 
978.000000	 78.392026 
977.000000	 78.552413 
976.000000	 78.714203 
975.000000	 78.886731 
974.000000	 79.070071 
973.000000	 79.256766 
972.000000	 79.445890 
971.000000	 79.642351 
970.000000	 79.844344 
969.000000	 80.044922 
968.000000	 80.244872 
967.000000	 80.450884 
966.000000	 80.661495 
965.000000	 80.867514 
964.000000	 81.066098 
963.000000	 81.261936 
962.000000	 81.454424 
961.000000	 81.636311 
960.000000	 81.806512 
959.000000	 81.972835 
958.000000	 82.139647 
957.000000	 82.302323 
956.000000	 82.455717 
955.000000	 82.599060 
954.000000	 82.730910 
953.000000	 82.848055 
952.000000	 82.952005 
951.000000	 83.050100 
950.000000	 83.148309 
949.000000	 83.247518 
948.000000	 83.345984 
947.000000	 83.439691 
946.000000	 83.522321 
945.000000	 83.591706 
944.000000	 83.654503 
943.000000	 83.717883 
942.000000	 83.779323 
941.000000	 83.832263 
940.000000	 83.878350 
939.000000	 83.925049 
938.000000	 83.973987 
937.000000	 84.021664 
936.000000	 84.069814 
935.000000	 84.124071 
934.000000	 84.182672 
933.000000	 84.237141 
932.000000	 84.284902 
931.000000	 84.331734 
930.000000	 84.381118 
929.000000	 84.430585 
928.000000	 84.479507 
927.000000	 84.530967 
926.000000	 84.584205 
925.000000	 84.634151 
924.000000	 84.680528 
923.000000	 84.729263 
922.000000	 84.782360 
921.000000	 84.833474 
920.000000	 84.875899 
919.000000	 84.909233 
918.000000	 84.936953 
917.000000	 84.963144 
916.000000	 84.992622 
915.000000	 85.029049 
914.000000	 85.071991 
913.000000	 85.119814 
912.000000	 85.174094 
911.000000	 85.236208 
910.000000	 85.302715 
909.000000	 85.371699 
908.000000	 85.451649 
907.000000	 85.555805 
906.000000	 85.688160 
905.000000	 85.840557 
904.000000	 86.000861 
903.000000	 86.158152 
902.000000	 86.305118 
901.000000	 86.444865 
900.000000	 86.592202 
899.000000	 86.758778 
898.000000	 86.938527 
897.000000	 87.115337 
896.000000	 87.281807 
895.000000	 87.441239 
894.000000	 87.594759 
893.000000	 87.737934 
892.000000	 87.870198 
891.000000	 87.998764 
890.000000	 88.132481 
889.000000	 88.277455 
888.000000	 88.435542 
887.000000	 88.598959 
886.000000	 88.749642 
885.000000	 88.874089 
884.000000	 88.977870 
883.000000	 89.077356 
882.000000	 89.178911 
881.000000	 89.275728 
880.000000	 89.362731 
879.000000	 89.441497 
878.000000	 89.510142 
877.000000	 89.562819 
876.000000	 89.603931 
875.000000	 89.650400 
874.000000	 89.712422 
873.000000	 89.780753 
872.000000	 89.840481 
871.000000	 89.891145 
870.000000	 89.947160 
869.000000	 90.022438 
868.000000	 90.118868 
867.000000	 90.226241 
866.000000	 90.330324 
865.000000	 90.424269 
864.000000	 90.513962 
863.000000	 90.609433 
862.000000	 90.710763 
861.000000	 90.806986 
860.000000	 90.889631 
859.000000	 90.961812 
858.000000	 91.031529 
857.000000	 91.100774 
856.000000	 91.165673 
855.000000	 91.224738 
854.000000	 91.282119 
853.000000	 91.341701 
852.000000	 91.399778 
851.000000	 91.446060 
850.000000	 91.474500 
849.000000	 91.493290 
848.000000	 91.520080 
847.000000	 91.563522 
846.000000	 91.611734 
845.000000	 91.643251 
844.000000	 91.648012 
843.000000	 91.634080 
842.000000	 91.616169 
841.000000	 91.602444 
840.000000	 91.590806 
839.000000	 91.571488 
838.000000	 91.533351 
837.000000	 91.474942 
836.000000	 91.411618 
835.000000	 91.365608 
834.000000	 91.344798 
833.000000	 91.334897 
832.000000	 91.315540 
831.000000	 91.281040 
830.000000	 91.244122 
829.000000	 91.223821 
828.000000	 91.232095 
827.000000	 91.266746 
826.000000	 91.311434 
825.000000	 91.344670 
824.000000	 91.353538 
823.000000	 91.340018 
822.000000	 91.315578 
821.000000	 91.292028 
820.000000	 91.274794 
819.000000	 91.258030 
818.000000	 91.225752 
817.000000	 91.164603 
816.000000	 91.078013 
815.000000	 90.982933 
814.000000	 90.889519 
813.000000	 90.787411 
812.000000	 90.653392 
811.000000	 90.466943 
810.000000	 90.216272 
809.000000	 89.897452 
808.000000	 89.516270 
807.000000	 89.089086 
806.000000	 88.635582 
805.000000	 88.171204 
804.000000	 87.709286 
803.000000	 87.265223 
802.000000	 86.853575 
801.000000	 86.487244 
800.000000	 86.184847 
799.000000	 85.970440 
798.000000	 85.856972 
797.000000	 85.834586 
796.000000	 85.880275 
795.000000	 85.972323 
794.000000	 86.091305 
793.000000	 86.217558 
792.000000	 86.337944 
791.000000	 86.450721 
790.000000	 86.555189 
789.000000	 86.637982 
788.000000	 86.676216 
787.000000	 86.654808 
786.000000	 86.577209 
785.000000	 86.459345 
784.000000	 86.316683 
783.000000	 86.158063 
782.000000	 85.989975 
781.000000	 85.825938 
780.000000	 85.690694 
779.000000	 85.611434 
778.000000	 85.602453 
777.000000	 85.659818 
776.000000	 85.769961 
775.000000	 85.918792 
774.000000	 86.093458 
773.000000	 86.282825 
772.000000	 86.479464 
771.000000	 86.677290 
770.000000	 86.866390 
769.000000	 87.035002 
768.000000	 87.178593 
767.000000	 87.303225 
766.000000	 87.417586 
765.000000	 87.524107 
764.000000	 87.619511 
763.000000	 87.701315 
762.000000	 87.771170 
761.000000	 87.833238 
760.000000	 87.891858 
759.000000	 87.950716 
758.000000	 88.012214 
757.000000	 88.076177 
756.000000	 88.139374 
755.000000	 88.197992 
754.000000	 88.252834 
753.000000	 88.312189 
752.000000	 88.386881 
751.000000	 88.480810 
750.000000	 88.587442 
749.000000	 88.695913 
748.000000	 88.798108 
747.000000	 88.889452 
746.000000	 88.967692 
745.000000	 89.035009 
744.000000	 89.099632 
743.000000	 89.172312 
742.000000	 89.261078 
741.000000	 89.368733 
740.000000	 89.491710 
739.000000	 89.619965 
738.000000	 89.741908 
737.000000	 89.852014 
736.000000	 89.950776 
735.000000	 90.036170 
734.000000	 90.101306 
733.000000	 90.144583 
732.000000	 90.177037 
731.000000	 90.214499 
730.000000	 90.264684 
729.000000	 90.324714 
728.000000	 90.387542 
727.000000	 90.445862 
726.000000	 90.493006 
725.000000	 90.527183 
724.000000	 90.554505 
723.000000	 90.583534 
722.000000	 90.618092 
721.000000	 90.658637 
720.000000	 90.707088 
719.000000	 90.763764 
718.000000	 90.821515 
717.000000	 90.870413 
716.000000	 90.908587 
715.000000	 90.943395 
714.000000	 90.981253 
713.000000	 91.019785 
712.000000	 91.050380 
711.000000	 91.065063 
710.000000	 91.060984 
709.000000	 91.041658 
708.000000	 91.014218 
707.000000	 90.983482 
706.000000	 90.948402 
705.000000	 90.905833 
704.000000	 90.853899 
703.000000	 90.785698 
702.000000	 90.683805 
701.000000	 90.529411 
700.000000	 90.317016 
699.000000	 90.056739 
698.000000	 89.767065 
697.000000	 89.477474 
696.000000	 89.237045 
695.000000	 89.101279 
694.000000	 89.099043 
693.000000	 89.213174 
692.000000	 89.393680 
691.000000	 89.590499 
690.000000	 89.776210 
689.000000	 89.945170 
688.000000	 90.099138 
687.000000	 90.235061 
686.000000	 90.345304 
685.000000	 90.427965 
684.000000	 90.494782 
683.000000	 90.566426 
682.000000	 90.658192 
681.000000	 90.770194 
680.000000	 90.889297 
679.000000	 90.998600 
678.000000	 91.085527 
677.000000	 91.146465 
676.000000	 91.191756 
675.000000	 91.240866 
674.000000	 91.305077 
673.000000	 91.377014 
672.000000	 91.443109 
671.000000	 91.504883 
670.000000	 91.577231 
669.000000	 91.666910 
668.000000	 91.739653 
667.000000	 91.760519 
666.000000	 91.763582 
665.000000	 91.791154 
664.000000	 91.848398 
663.000000	 91.924531 
662.000000	 92.005069 
661.000000	 92.082913 
660.000000	 92.159132 
659.000000	 92.235098 
658.000000	 92.305300 
657.000000	 92.357060 
656.000000	 92.379410 
655.000000	 92.375027 
654.000000	 92.361965 
653.000000	 92.355393 
652.000000	 92.348962 
651.000000	 92.326381 
650.000000	 92.293784 

