4000.000000	80.707128 
3999.000000	80.706101 
3998.000000	80.701922 
3997.000000	80.694934 
3996.000000	80.687112 
3995.000000	80.680932 
3994.000000	80.677777 
3993.000000	80.677373 
3992.000000	80.677876 
3991.000000	80.677321 
3990.000000	80.675191 
3989.000000	80.672447 
3988.000000	80.670387 
3987.000000	80.669533 
3986.000000	80.669476 
3985.000000	80.669421 
3984.000000	80.668819 
3983.000000	80.667615 
3982.000000	80.666071 
3981.000000	80.664499 
3980.000000	80.663018 
3979.000000	80.661519 
3978.000000	80.659826 
3977.000000	80.657825 
3976.000000	80.655425 
3975.000000	80.652720 
3974.000000	80.650225 
3973.000000	80.648629 
3972.000000	80.648143 
3971.000000	80.648237 
3970.000000	80.648241 
3969.000000	80.647937 
3968.000000	80.647412 
3967.000000	80.646453 
3966.000000	80.644431 
3965.000000	80.640956 
3964.000000	80.636474 
3963.000000	80.632189 
3962.000000	80.629167 
3961.000000	80.627445 
3960.000000	80.626294 
3959.000000	80.625257 
3958.000000	80.624719 
3957.000000	80.625147 
3956.000000	80.626165 
3955.000000	80.626700 
3954.000000	80.625928 
3953.000000	80.623709 
3952.000000	80.620126 
3951.000000	80.615202 
3950.000000	80.609296 
3949.000000	80.603550 
3948.000000	80.599340 
3947.000000	80.597070 
3946.000000	80.595812 
3945.000000	80.594525 
3944.000000	80.593466 
3943.000000	80.593746 
3942.000000	80.595435 
3941.000000	80.596726 
3940.000000	80.595517 
3939.000000	80.591401 
3938.000000	80.586154 
3937.000000	80.581951 
3936.000000	80.579264 
3935.000000	80.577046 
3934.000000	80.574445 
3933.000000	80.571700 
3932.000000	80.569106 
3931.000000	80.566493 
3930.000000	80.564343 
3929.000000	80.563790 
3928.000000	80.564464 
3927.000000	80.563654 
3926.000000	80.559438 
3925.000000	80.553284 
3924.000000	80.547961 
3923.000000	80.544158 
3922.000000	80.540586 
3921.000000	80.536103 
3920.000000	80.530285 
3919.000000	80.523036 
3918.000000	80.515724 
3917.000000	80.511651 
3916.000000	80.513180 
3915.000000	80.519042 
3914.000000	80.525702 
3913.000000	80.530274 
3912.000000	80.531631 
3911.000000	80.529170 
3910.000000	80.523182 
3909.000000	80.515855 
3908.000000	80.510126 
3907.000000	80.506286 
3906.000000	80.500928 
3905.000000	80.490748 
3904.000000	80.476127 
3903.000000	80.460730 
3902.000000	80.448179 
3901.000000	80.440330 
3900.000000	80.437743 
3899.000000	80.439527 
3898.000000	80.443444 
3897.000000	80.447741 
3896.000000	80.452496 
3895.000000	80.458357 
3894.000000	80.464321 
3893.000000	80.467302 
3892.000000	80.465941 
3891.000000	80.461961 
3890.000000	80.458218 
3889.000000	80.455458 
3888.000000	80.451086 
3887.000000	80.443844 
3886.000000	80.436742 
3885.000000	80.432288 
3884.000000	80.429912 
3883.000000	80.428181 
3882.000000	80.426707 
3881.000000	80.426280 
3880.000000	80.426932 
3879.000000	80.427720 
3878.000000	80.428352 
3877.000000	80.428334 
3876.000000	80.426547 
3875.000000	80.422944 
3874.000000	80.418879 
3873.000000	80.415469 
3872.000000	80.412642 
3871.000000	80.410642 
3870.000000	80.410167 
3869.000000	80.410565 
3868.000000	80.410380 
3867.000000	80.409196 
3866.000000	80.408019 
3865.000000	80.407861 
3864.000000	80.408430 
3863.000000	80.408756 
3862.000000	80.408441 
3861.000000	80.407684 
3860.000000	80.406787 
3859.000000	80.405979 
3858.000000	80.405399 
3857.000000	80.405051 
3856.000000	80.404792 
3855.000000	80.404436 
3854.000000	80.403903 
3853.000000	80.403183 
3852.000000	80.402403 
3851.000000	80.401786 
3850.000000	80.401427 
3849.000000	80.401289 
3848.000000	80.401213 
3847.000000	80.400968 
3846.000000	80.400388 
3845.000000	80.399453 
3844.000000	80.398307 
3843.000000	80.397171 
3842.000000	80.396220 
3841.000000	80.395563 
3840.000000	80.395291 
3839.000000	80.395254 
3838.000000	80.394996 
3837.000000	80.394324 
3836.000000	80.393810 
3835.000000	80.394235 
3834.000000	80.395762 
3833.000000	80.397771 
3832.000000	80.399300 
3831.000000	80.399765 
3830.000000	80.399345 
3829.000000	80.398685 
3828.000000	80.398163 
3827.000000	80.397704 
3826.000000	80.397144 
3825.000000	80.396569 
3824.000000	80.396207 
3823.000000	80.396063 
3822.000000	80.396318 
3821.000000	80.396790 
3820.000000	80.396838 
3819.000000	80.396703 
3818.000000	80.396958 
3817.000000	80.398339 
3816.000000	80.401156 
3815.000000	80.403472 
3814.000000	80.402944 
3813.000000	80.399586 
3812.000000	80.395447 
3811.000000	80.392769 
3810.000000	80.391866 
3809.000000	80.390816 
3808.000000	80.388002 
3807.000000	80.383952 
3806.000000	80.380448 
3805.000000	80.379506 
3804.000000	80.381781 
3803.000000	80.385963 
3802.000000	80.390350 
3801.000000	80.392411 
3800.000000	80.390997 
3799.000000	80.388690 
3798.000000	80.388723 
3797.000000	80.392272 
3796.000000	80.397419 
3795.000000	80.400477 
3794.000000	80.399861 
3793.000000	80.397282 
3792.000000	80.395242 
3791.000000	80.393920 
3790.000000	80.391517 
3789.000000	80.387096 
3788.000000	80.381611 
3787.000000	80.376429 
3786.000000	80.372053 
3785.000000	80.368535 
3784.000000	80.365924 
3783.000000	80.364104 
3782.000000	80.362917 
3781.000000	80.362516 
3780.000000	80.363184 
3779.000000	80.364325 
3778.000000	80.364497 
3777.000000	80.362503 
3776.000000	80.358570 
3775.000000	80.354116 
3774.000000	80.350493 
3773.000000	80.347853 
3772.000000	80.345511 
3771.000000	80.343016 
3770.000000	80.340160 
3769.000000	80.336664 
3768.000000	80.332493 
3767.000000	80.328010 
3766.000000	80.323774 
3765.000000	80.320175 
3764.000000	80.317089 
3763.000000	80.314045 
3762.000000	80.310769 
3761.000000	80.307361 
3760.000000	80.303775 
3759.000000	80.299552 
3758.000000	80.294674 
3757.000000	80.289848 
3756.000000	80.285499 
3755.000000	80.281259 
3754.000000	80.276942 
3753.000000	80.273484 
3752.000000	80.271548 
3751.000000	80.269498 
3750.000000	80.265098 
3749.000000	80.258930 
3748.000000	80.253843 
3747.000000	80.250541 
3746.000000	80.246966 
3745.000000	80.242953 
3744.000000	80.239296 
3743.000000	80.234780 
3742.000000	80.229029 
3741.000000	80.223697 
3740.000000	80.220542 
3739.000000	80.218400 
3738.000000	80.212799 
3737.000000	80.201345 
3736.000000	80.188335 
3735.000000	80.180718 
3734.000000	80.180715 
3733.000000	80.185556 
3732.000000	80.191040 
3731.000000	80.194480 
3730.000000	80.194748 
3729.000000	80.190849 
3728.000000	80.182300 
3727.000000	80.171000 
3726.000000	80.160056 
3725.000000	80.151510 
3724.000000	80.146051 
3723.000000	80.142936 
3722.000000	80.140103 
3721.000000	80.135916 
3720.000000	80.130459 
3719.000000	80.123913 
3718.000000	80.115569 
3717.000000	80.104573 
3716.000000	80.090920 
3715.000000	80.076460 
3714.000000	80.064951 
3713.000000	80.059867 
3712.000000	80.060028 
3711.000000	80.059555 
3710.000000	80.054047 
3709.000000	80.042913 
3708.000000	80.027204 
3707.000000	80.009025 
3706.000000	79.991523 
3705.000000	79.977382 
3704.000000	79.966955 
3703.000000	79.957867 
3702.000000	79.946889 
3701.000000	79.932919 
3700.000000	79.917677 
3699.000000	79.902712 
3698.000000	79.888079 
3697.000000	79.873927 
3696.000000	79.859784 
3695.000000	79.843717 
3694.000000	79.825085 
3693.000000	79.806795 
3692.000000	79.792793 
3691.000000	79.782771 
3690.000000	79.772784 
3689.000000	79.761574 
3688.000000	79.752334 
3687.000000	79.747603 
3686.000000	79.745778 
3685.000000	79.743906 
3684.000000	79.741694 
3683.000000	79.739276 
3682.000000	79.732219 
3681.000000	79.715430 
3680.000000	79.690240 
3679.000000	79.662728 
3678.000000	79.634275 
3677.000000	79.605262 
3676.000000	79.584244 
3675.000000	79.574718 
3674.000000	79.570694 
3673.000000	79.568073 
3672.000000	79.564808 
3671.000000	79.562364 
3670.000000	79.562197 
3669.000000	79.559816 
3668.000000	79.554809 
3667.000000	79.551851 
3666.000000	79.551234 
3665.000000	79.548510 
3664.000000	79.539908 
3663.000000	79.525342 
3662.000000	79.507383 
3661.000000	79.488961 
3660.000000	79.472047 
3659.000000	79.457386 
3658.000000	79.444945 
3657.000000	79.436302 
3656.000000	79.431104 
3655.000000	79.424800 
3654.000000	79.414412 
3653.000000	79.400907 
3652.000000	79.388507 
3651.000000	79.383385 
3650.000000	79.385918 
3649.000000	79.389396 
3648.000000	79.392187 
3647.000000	79.398615 
3646.000000	79.410213 
3645.000000	79.424951 
3644.000000	79.441120 
3643.000000	79.458278 
3642.000000	79.474731 
3641.000000	79.485527 
3640.000000	79.486033 
3639.000000	79.477897 
3638.000000	79.467739 
3637.000000	79.459741 
3636.000000	79.451920 
3635.000000	79.441798 
3634.000000	79.431408 
3633.000000	79.424446 
3632.000000	79.420360 
3631.000000	79.412862 
3630.000000	79.403429 
3629.000000	79.401374 
3628.000000	79.405187 
3627.000000	79.409032 
3626.000000	79.412612 
3625.000000	79.414810 
3624.000000	79.412344 
3623.000000	79.402646 
3622.000000	79.387288 
3621.000000	79.373624 
3620.000000	79.369954 
3619.000000	79.377242 
3618.000000	79.389958 
3617.000000	79.403990 
3616.000000	79.417028 
3615.000000	79.426780 
3614.000000	79.433813 
3613.000000	79.441659 
3612.000000	79.452602 
3611.000000	79.465575 
3610.000000	79.479145 
3609.000000	79.494264 
3608.000000	79.511693 
3607.000000	79.529296 
3606.000000	79.545019 
3605.000000	79.559818 
3604.000000	79.575916 
3603.000000	79.593385 
3602.000000	79.609402 
3601.000000	79.620742 
3600.000000	79.625556 
3599.000000	79.624355 
3598.000000	79.620366 
3597.000000	79.617988 
3596.000000	79.620264 
3595.000000	79.627797 
3594.000000	79.638253 
3593.000000	79.647805 
3592.000000	79.653966 
3591.000000	79.655484 
3590.000000	79.651389 
3589.000000	79.643104 
3588.000000	79.636254 
3587.000000	79.636396 
3586.000000	79.644843 
3585.000000	79.659172 
3584.000000	79.674472 
3583.000000	79.685362 
3582.000000	79.689295 
3581.000000	79.688651 
3580.000000	79.688725 
3579.000000	79.693169 
3578.000000	79.701671 
3577.000000	79.711501 
3576.000000	79.720416 
3575.000000	79.727613 
3574.000000	79.732601 
3573.000000	79.734178 
3572.000000	79.731137 
3571.000000	79.722963 
3570.000000	79.709685 
3569.000000	79.693023 
3568.000000	79.678326 
3567.000000	79.672122 
3566.000000	79.677086 
3565.000000	79.691272 
3564.000000	79.709933 
3563.000000	79.727488 
3562.000000	79.739995 
3561.000000	79.746968 
3560.000000	79.750857 
3559.000000	79.754201 
3558.000000	79.757418 
3557.000000	79.759324 
3556.000000	79.759183 
3555.000000	79.757833 
3554.000000	79.757212 
3553.000000	79.758884 
3552.000000	79.762510 
3551.000000	79.765777 
3550.000000	79.765976 
3549.000000	79.761746 
3548.000000	79.754004 
3547.000000	79.745956 
3546.000000	79.741718 
3545.000000	79.743938 
3544.000000	79.752373 
3543.000000	79.764250 
3542.000000	79.776048 
3541.000000	79.785231 
3540.000000	79.790590 
3539.000000	79.791958 
3538.000000	79.790447 
3537.000000	79.788681 
3536.000000	79.789459 
3535.000000	79.793616 
3534.000000	79.799427 
3533.000000	79.804288 
3532.000000	79.806786 
3531.000000	79.807236 
3530.000000	79.806876 
3529.000000	79.806791 
3528.000000	79.807226 
3527.000000	79.807529 
3526.000000	79.807042 
3525.000000	79.806262 
3524.000000	79.806851 
3523.000000	79.810011 
3522.000000	79.815152 
3521.000000	79.820538 
3520.000000	79.824993 
3519.000000	79.828693 
3518.000000	79.832347 
3517.000000	79.836037 
3516.000000	79.839129 
3515.000000	79.841135 
3514.000000	79.842252 
3513.000000	79.843154 
3512.000000	79.844652 
3511.000000	79.847487 
3510.000000	79.851973 
3509.000000	79.857563 
3508.000000	79.862898 
3507.000000	79.866587 
3506.000000	79.868007 
3505.000000	79.867524 
3504.000000	79.866259 
3503.000000	79.865606 
3502.000000	79.866761 
3501.000000	79.870299 
3500.000000	79.875906 
3499.000000	79.882380 
3498.000000	79.888153 
3497.000000	79.892325 
3496.000000	79.895210 
3495.000000	79.897809 
3494.000000	79.900719 
3493.000000	79.903622 
3492.000000	79.905911 
3491.000000	79.907561 
3490.000000	79.909107 
3489.000000	79.910957 
3488.000000	79.912962 
3487.000000	79.914708 
3486.000000	79.916072 
3485.000000	79.917277 
3484.000000	79.918447 
3483.000000	79.919410 
3482.000000	79.920081 
3481.000000	79.920874 
3480.000000	79.922457 
3479.000000	79.924964 
3478.000000	79.927645 
3477.000000	79.929488 
3476.000000	79.930266 
3475.000000	79.930815 
3474.000000	79.932177 
3473.000000	79.934595 
3472.000000	79.937468 
3471.000000	79.940005 
3470.000000	79.941774 
3469.000000	79.942683 
3468.000000	79.942891 
3467.000000	79.942928 
3466.000000	79.943553 
3465.000000	79.945169 
3464.000000	79.947487 
3463.000000	79.949728 
3462.000000	79.951358 
3461.000000	79.952502 
3460.000000	79.953629 
3459.000000	79.955053 
3458.000000	79.956728 
3457.000000	79.958440 
3456.000000	79.960053 
3455.000000	79.961575 
3454.000000	79.963060 
3453.000000	79.964554 
3452.000000	79.966104 
3451.000000	79.967760 
3450.000000	79.969502 
3449.000000	79.971211 
3448.000000	79.972792 
3447.000000	79.974323 
3446.000000	79.975985 
3445.000000	79.977780 
3444.000000	79.979440 
3443.000000	79.980759 
3442.000000	79.981920 
3441.000000	79.983351 
3440.000000	79.985150 
3439.000000	79.986872 
3438.000000	79.988036 
3437.000000	79.988767 
3436.000000	79.989674 
3435.000000	79.991119 
3434.000000	79.992789 
3433.000000	79.994044 
3432.000000	79.994637 
3431.000000	79.994963 
3430.000000	79.995546 
3429.000000	79.996327 
3428.000000	79.996777 
3427.000000	79.996795 
3426.000000	79.997180 
3425.000000	79.998800 
3424.000000	80.001487 
3423.000000	80.004083 
3422.000000	80.005597 
3421.000000	80.006221 
3420.000000	80.007102 
3419.000000	80.009362 
3418.000000	80.013234 
3417.000000	80.017733 
3416.000000	80.021133 
3415.000000	80.022283 
3414.000000	80.021676 
3413.000000	80.021035 
3412.000000	80.021502 
3411.000000	80.022470 
3410.000000	80.022550 
3409.000000	80.021294 
3408.000000	80.019602 
3407.000000	80.018722 
3406.000000	80.019158 
3405.000000	80.020390 
3404.000000	80.021166 
3403.000000	80.020203 
3402.000000	80.017184 
3401.000000	80.013392 
3400.000000	80.011107 
3399.000000	80.011970 
3398.000000	80.015747 
3397.000000	80.020370 
3396.000000	80.023297 
3395.000000	80.023274 
3394.000000	80.021074 
3393.000000	80.018800 
3392.000000	80.018251 
3391.000000	80.019650 
3390.000000	80.021935 
3389.000000	80.024126 
3388.000000	80.026380 
3387.000000	80.029767 
3386.000000	80.034897 
3385.000000	80.040685 
3384.000000	80.044765 
3383.000000	80.045559 
3382.000000	80.043732 
3381.000000	80.041494 
3380.000000	80.040489 
3379.000000	80.040684 
3378.000000	80.041244 
3377.000000	80.041712 
3376.000000	80.042062 
3375.000000	80.042205 
3374.000000	80.041969 
3373.000000	80.041360 
3372.000000	80.040514 
3371.000000	80.039505 
3370.000000	80.038502 
3369.000000	80.037983 
3368.000000	80.038355 
3367.000000	80.039281 
3366.000000	80.039680 
3365.000000	80.038702 
3364.000000	80.036614 
3363.000000	80.034598 
3362.000000	80.033576 
3361.000000	80.033329 
3360.000000	80.032859 
3359.000000	80.031566 
3358.000000	80.029934 
3357.000000	80.028955 
3356.000000	80.029008 
3355.000000	80.029438 
3354.000000	80.029166 
3353.000000	80.027646 
3352.000000	80.025216 
3351.000000	80.022815 
3350.000000	80.021292 
3349.000000	80.020902 
3348.000000	80.021231 
3347.000000	80.021391 
3346.000000	80.020687 
3345.000000	80.019155 
3344.000000	80.017416 
3343.000000	80.015938 
3342.000000	80.014500 
3341.000000	80.012627 
3340.000000	80.010316 
3339.000000	80.008053 
3338.000000	80.006150 
3337.000000	80.004402 
3336.000000	80.002540 
3335.000000	80.000794 
3334.000000	79.999663 
3333.000000	79.999211 
3332.000000	79.998864 
3331.000000	79.997942 
3330.000000	79.996169 
3329.000000	79.993609 
3328.000000	79.990309 
3327.000000	79.986359 
3326.000000	79.982225 
3325.000000	79.978644 
3324.000000	79.976094 
3323.000000	79.974397 
3322.000000	79.972858 
3321.000000	79.970844 
3320.000000	79.968219 
3319.000000	79.965250 
3318.000000	79.962265 
3317.000000	79.959534 
3316.000000	79.957296 
3315.000000	79.955502 
3314.000000	79.953440 
3313.000000	79.950118 
3312.000000	79.945303 
3311.000000	79.939863 
3310.000000	79.934886 
3309.000000	79.930555 
3308.000000	79.926285 
3307.000000	79.921748 
3306.000000	79.917224 
3305.000000	79.913079 
3304.000000	79.909486 
3303.000000	79.906640 
3302.000000	79.904703 
3301.000000	79.903352 
3300.000000	79.901687 
3299.000000	79.898891 
3298.000000	79.894831 
3297.000000	79.889903 
3296.000000	79.884563 
3295.000000	79.879124 
3294.000000	79.873865 
3293.000000	79.869049 
3292.000000	79.864861 
3291.000000	79.861366 
3290.000000	79.858344 
3289.000000	79.855163 
3288.000000	79.851134 
3287.000000	79.846172 
3286.000000	79.841060 
3285.000000	79.836813 
3284.000000	79.833700 
3283.000000	79.831148 
3282.000000	79.828401 
3281.000000	79.825241 
3280.000000	79.821801 
3279.000000	79.818044 
3278.000000	79.813737 
3277.000000	79.808861 
3276.000000	79.803809 
3275.000000	79.799108 
3274.000000	79.794992 
3273.000000	79.791314 
3272.000000	79.787757 
3271.000000	79.784108 
3270.000000	79.780386 
3269.000000	79.776802 
3268.000000	79.773573 
3267.000000	79.770687 
3266.000000	79.767793 
3265.000000	79.764401 
3264.000000	79.760301 
3263.000000	79.755784 
3262.000000	79.751369 
3261.000000	79.747292 
3260.000000	79.743401 
3259.000000	79.739483 
3258.000000	79.735564 
3257.000000	79.731790 
3256.000000	79.728124 
3255.000000	79.724331 
3254.000000	79.720286 
3253.000000	79.716174 
3252.000000	79.712308 
3251.000000	79.708787 
3250.000000	79.705406 
3249.000000	79.701870 
3248.000000	79.698061 
3247.000000	79.694046 
3246.000000	79.689950 
3245.000000	79.685893 
3244.000000	79.681984 
3243.000000	79.678244 
3242.000000	79.674519 
3241.000000	79.670558 
3240.000000	79.666250 
3239.000000	79.661773 
3238.000000	79.657475 
3237.000000	79.653542 
3236.000000	79.649885 
3235.000000	79.646301 
3234.000000	79.642667 
3233.000000	79.638974 
3232.000000	79.635257 
3231.000000	79.631579 
3230.000000	79.628043 
3229.000000	79.624728 
3228.000000	79.621609 
3227.000000	79.618521 
3226.000000	79.615224 
3225.000000	79.611565 
3224.000000	79.607615 
3223.000000	79.603689 
3222.000000	79.600128 
3221.000000	79.597030 
3220.000000	79.594192 
3219.000000	79.591216 
3218.000000	79.587871 
3217.000000	79.584256 
3216.000000	79.580681 
3215.000000	79.577330 
3214.000000	79.574102 
3213.000000	79.570793 
3212.000000	79.567358 
3211.000000	79.563919 
3210.000000	79.560528 
3209.000000	79.557069 
3208.000000	79.553464 
3207.000000	79.549851 
3206.000000	79.546417 
3205.000000	79.543133 
3204.000000	79.539815 
3203.000000	79.536436 
3202.000000	79.533167 
3201.000000	79.530112 
3200.000000	79.527217 
3199.000000	79.524450 
3198.000000	79.521883 
3197.000000	79.519478 
3196.000000	79.517008 
3195.000000	79.514281 
3194.000000	79.511360 
3193.000000	79.508451 
3192.000000	79.505653 
3191.000000	79.502859 
3190.000000	79.499921 
3189.000000	79.496836 
3188.000000	79.493746 
3187.000000	79.490805 
3186.000000	79.488050 
3185.000000	79.485388 
3184.000000	79.482667 
3183.000000	79.479778 
3182.000000	79.476711 
3181.000000	79.473551 
3180.000000	79.470439 
3179.000000	79.467484 
3178.000000	79.464704 
3177.000000	79.462048 
3176.000000	79.459472 
3175.000000	79.456933 
3174.000000	79.454331 
3173.000000	79.451557 
3172.000000	79.448601 
3171.000000	79.445582 
3170.000000	79.442619 
3169.000000	79.439747 
3168.000000	79.436977 
3167.000000	79.434382 
3166.000000	79.432009 
3165.000000	79.429768 
3164.000000	79.427452 
3163.000000	79.424929 
3162.000000	79.422229 
3161.000000	79.419502 
3160.000000	79.416877 
3159.000000	79.414362 
3158.000000	79.411844 
3157.000000	79.409135 
3156.000000	79.406122 
3155.000000	79.402977 
3154.000000	79.400143 
3153.000000	79.397958 
3152.000000	79.396300 
3151.000000	79.394635 
3150.000000	79.392592 
3149.000000	79.390334 
3148.000000	79.388303 
3147.000000	79.386630 
3146.000000	79.384886 
3145.000000	79.382459 
3144.000000	79.379137 
3143.000000	79.375277 
3142.000000	79.371409 
3141.000000	79.367863 
3140.000000	79.364898 
3139.000000	79.362920 
3138.000000	79.362190 
3137.000000	79.362357 
3136.000000	79.362529 
3135.000000	79.361961 
3134.000000	79.360496 
3133.000000	79.358400 
3132.000000	79.356135 
3131.000000	79.354258 
3130.000000	79.353179 
3129.000000	79.352880 
3128.000000	79.353005 
3127.000000	79.353109 
3126.000000	79.352569 
3125.000000	79.350623 
3124.000000	79.347104 
3123.000000	79.343027 
3122.000000	79.339708 
3121.000000	79.337182 
3120.000000	79.334201 
3119.000000	79.330000 
3118.000000	79.325499 
3117.000000	79.322376 
3116.000000	79.321448 
3115.000000	79.322304 
3114.000000	79.323818 
3113.000000	79.324612 
3112.000000	79.323810 
3111.000000	79.321979 
3110.000000	79.321069 
3109.000000	79.322733 
3108.000000	79.326707 
3107.000000	79.330805 
3106.000000	79.332785 
3105.000000	79.332147 
3104.000000	79.330020 
3103.000000	79.327753 
3102.000000	79.325904 
3101.000000	79.324556 
3100.000000	79.324058 
3099.000000	79.324769 
3098.000000	79.326189 
3097.000000	79.327047 
3096.000000	79.326503 
3095.000000	79.324748 
3094.000000	79.322157 
3093.000000	79.318525 
3092.000000	79.313819 
3091.000000	79.309265 
3090.000000	79.306698 
3089.000000	79.306751 
3088.000000	79.308263 
3087.000000	79.309460 
3086.000000	79.309483 
3085.000000	79.308710 
3084.000000	79.308081 
3083.000000	79.308196 
3082.000000	79.308574 
3081.000000	79.307765 
3080.000000	79.304893 
3079.000000	79.301287 
3078.000000	79.299753 
3077.000000	79.301682 
3076.000000	79.305391 
3075.000000	79.307689 
3074.000000	79.306835 
3073.000000	79.303899 
3072.000000	79.301941 
3071.000000	79.303776 
3070.000000	79.309494 
3069.000000	79.315642 
3068.000000	79.317812 
3067.000000	79.314620 
3066.000000	79.308683 
3065.000000	79.303826 
3064.000000	79.302136 
3063.000000	79.303463 
3062.000000	79.305686 
3061.000000	79.305001 
3060.000000	79.298437 
3059.000000	79.287621 
3058.000000	79.278354 
3057.000000	79.274694 
3056.000000	79.274840 
3055.000000	79.274525 
3054.000000	79.272615 
3053.000000	79.270945 
3052.000000	79.269934 
3051.000000	79.267586 
3050.000000	79.263054 
3049.000000	79.258565 
3048.000000	79.256714 
3047.000000	79.257210 
3046.000000	79.257299 
3045.000000	79.254620 
3044.000000	79.248971 
3043.000000	79.241833 
3042.000000	79.234717 
3041.000000	79.227883 
3040.000000	79.220509 
3039.000000	79.211847 
3038.000000	79.201943 
3037.000000	79.191594 
3036.000000	79.182283 
3035.000000	79.175909 
3034.000000	79.173206 
3033.000000	79.171965 
3032.000000	79.168250 
3031.000000	79.160295 
3030.000000	79.149980 
3029.000000	79.139573 
3028.000000	79.128567 
3027.000000	79.114939 
3026.000000	79.098196 
3025.000000	79.079610 
3024.000000	79.059987 
3023.000000	79.038764 
3022.000000	79.015364 
3021.000000	78.990402 
3020.000000	78.965478 
3019.000000	78.942326 
3018.000000	78.921762 
3017.000000	78.902545 
3016.000000	78.881594 
3015.000000	78.856669 
3014.000000	78.829247 
3013.000000	78.804011 
3012.000000	78.784674 
3011.000000	78.770163 
3010.000000	78.755061 
3009.000000	78.734323 
3008.000000	78.707952 
3007.000000	78.680925 
3006.000000	78.658120 
3005.000000	78.639644 
3004.000000	78.621539 
3003.000000	78.600333 
3002.000000	78.575839 
3001.000000	78.550412 
3000.000000	78.527444 
2999.000000	78.510517 
2998.000000	78.501500 
2997.000000	78.498215 
2996.000000	78.495178 
2995.000000	78.487331 
2994.000000	78.472176 
2993.000000	78.448853 
2992.000000	78.418496 
2991.000000	78.386991 
2990.000000	78.364617 
2989.000000	78.360030 
2988.000000	78.375054 
2987.000000	78.405981 
2986.000000	78.447519 
2985.000000	78.493553 
2984.000000	78.536586 
2983.000000	78.570915 
2982.000000	78.596674 
2981.000000	78.618314 
2980.000000	78.638752 
2979.000000	78.656758 
2978.000000	78.669756 
2977.000000	78.676925 
2976.000000	78.679525 
2975.000000	78.680380 
2974.000000	78.683083 
2973.000000	78.689079 
2972.000000	78.694632 
2971.000000	78.693067 
2970.000000	78.681496 
2969.000000	78.664088 
2968.000000	78.647871 
2967.000000	78.636705 
2966.000000	78.630211 
2965.000000	78.626520 
2964.000000	78.623786 
2963.000000	78.619997 
2962.000000	78.613703 
2961.000000	78.605533 
2960.000000	78.598012 
2959.000000	78.593800 
2958.000000	78.594702 
2957.000000	78.601889 
2956.000000	78.615612 
2955.000000	78.634161 
2954.000000	78.653925 
2953.000000	78.671426 
2952.000000	78.685380 
2951.000000	78.696616 
2950.000000	78.706114 
2949.000000	78.713466 
2948.000000	78.717457 
2947.000000	78.718048 
2946.000000	78.717613 
2945.000000	78.720015 
2944.000000	78.728376 
2943.000000	78.743420 
2942.000000	78.763303 
2941.000000	78.784550 
2940.000000	78.803487 
2939.000000	78.818161 
2938.000000	78.829563 
2937.000000	78.840695 
2936.000000	78.853828 
2935.000000	78.868426 
2934.000000	78.881888 
2933.000000	78.892052 
2932.000000	78.898446 
2931.000000	78.901259 
2930.000000	78.900198 
2929.000000	78.895045 
2928.000000	78.886743 
2927.000000	78.877080 
2926.000000	78.867597 
2925.000000	78.859446 
2924.000000	78.853561 
2923.000000	78.849249 
2922.000000	78.842920 
2921.000000	78.830669 
2920.000000	78.813131 
2919.000000	78.795894 
2918.000000	78.783304 
2917.000000	78.773034 
2916.000000	78.758677 
2915.000000	78.736951 
2914.000000	78.710806 
2913.000000	78.686238 
2912.000000	78.667996 
2911.000000	78.657816 
2910.000000	78.654066 
2909.000000	78.652293 
2908.000000	78.648267 
2907.000000	78.641415 
2906.000000	78.633652 
2905.000000	78.624534 
2904.000000	78.610734 
2903.000000	78.592712 
2902.000000	78.579285 
2901.000000	78.581839 
2900.000000	78.603243 
2899.000000	78.633893 
2898.000000	78.659151 
2897.000000	78.670831 
2896.000000	78.671812 
2895.000000	78.671258 
2894.000000	78.676246 
2893.000000	78.686532 
2892.000000	78.696271 
2891.000000	78.700458 
2890.000000	78.699635 
2889.000000	78.698171 
2888.000000	78.698965 
2887.000000	78.701216 
2886.000000	78.703327 
2885.000000	78.706271 
2884.000000	78.712998 
2883.000000	78.725293 
2882.000000	78.742214 
2881.000000	78.761180 
2880.000000	78.779652 
2879.000000	78.796188 
2878.000000	78.810981 
2877.000000	78.825499 
2876.000000	78.840411 
2875.000000	78.853423 
2874.000000	78.860397 
2873.000000	78.859858 
2872.000000	78.855932 
2871.000000	78.855627 
2870.000000	78.863032 
2869.000000	78.876672 
2868.000000	78.892027 
2867.000000	78.905474 
2866.000000	78.916111 
2865.000000	78.925357 
2864.000000	78.935791 
2863.000000	78.949525 
2862.000000	78.966725 
2861.000000	78.985675 
2860.000000	79.004249 
2859.000000	79.020711 
2858.000000	79.033481 
2857.000000	79.041765 
2856.000000	79.046754 
2855.000000	79.050887 
2854.000000	79.055837 
2853.000000	79.062111 
2852.000000	79.070394 
2851.000000	79.081079 
2850.000000	79.091631 
2849.000000	79.096987 
2848.000000	79.094902 
2847.000000	79.089498 
2846.000000	79.087225 
2845.000000	79.090005 
2844.000000	79.094647 
2843.000000	79.098057 
2842.000000	79.100055 
2841.000000	79.101279 
2840.000000	79.101432 
2839.000000	79.100750 
2838.000000	79.100971 
2837.000000	79.103189 
2836.000000	79.105900 
2835.000000	79.106657 
2834.000000	79.105175 
2833.000000	79.103866 
2832.000000	79.105330 
2831.000000	79.109724 
2830.000000	79.114512 
2829.000000	79.116880 
2828.000000	79.116572 
2827.000000	79.116115 
2826.000000	79.118007 
2825.000000	79.122221 
2824.000000	79.126935 
2823.000000	79.130644 
2822.000000	79.132572 
2821.000000	79.132008 
2820.000000	79.128828 
2819.000000	79.124359 
2818.000000	79.120437 
2817.000000	79.117859 
2816.000000	79.116817 
2815.000000	79.118071 
2814.000000	79.122086 
2813.000000	79.127345 
2812.000000	79.131091 
2811.000000	79.131942 
2810.000000	79.130734 
2809.000000	79.129029 
2808.000000	79.127845 
2807.000000	79.127612 
2806.000000	79.128283 
2805.000000	79.129227 
2804.000000	79.129648 
2803.000000	79.129319 
2802.000000	79.128684 
2801.000000	79.128251 
2800.000000	79.128226 
2799.000000	79.128699 
2798.000000	79.129731 
2797.000000	79.131124 
2796.000000	79.132389 
2795.000000	79.133131 
2794.000000	79.133357 
2793.000000	79.133329 
2792.000000	79.133311 
2791.000000	79.133507 
2790.000000	79.133984 
2789.000000	79.134582 
2788.000000	79.135090 
2787.000000	79.135633 
2786.000000	79.136585 
2785.000000	79.138013 
2784.000000	79.139409 
2783.000000	79.140181 
2782.000000	79.140270 
2781.000000	79.140156 
2780.000000	79.140394 
2779.000000	79.141200 
2778.000000	79.142389 
2777.000000	79.143506 
2776.000000	79.144157 
2775.000000	79.144325 
2774.000000	79.144336 
2773.000000	79.144453 
2772.000000	79.144626 
2771.000000	79.144682 
2770.000000	79.144551 
2769.000000	79.144274 
2768.000000	79.143999 
2767.000000	79.144016 
2766.000000	79.144559 
2765.000000	79.145526 
2764.000000	79.146492 
2763.000000	79.147153 
2762.000000	79.147609 
2761.000000	79.148106 
2760.000000	79.148652 
2759.000000	79.149047 
2758.000000	79.149238 
2757.000000	79.149467 
2756.000000	79.150060 
2755.000000	79.151114 
2754.000000	79.152368 
2753.000000	79.153343 
2752.000000	79.153748 
2751.000000	79.153771 
2750.000000	79.153968 
2749.000000	79.154697 
2748.000000	79.155816 
2747.000000	79.156966 
2746.000000	79.158033 
2745.000000	79.159097 
2744.000000	79.160075 
2743.000000	79.160732 
2742.000000	79.160994 
2741.000000	79.160971 
2740.000000	79.160734 
2739.000000	79.160352 
2738.000000	79.160126 
2737.000000	79.160497 
2736.000000	79.161642 
2735.000000	79.163337 
2734.000000	79.165165 
2733.000000	79.166713 
2732.000000	79.167668 
2731.000000	79.168036 
2730.000000	79.168243 
2729.000000	79.168780 
2728.000000	79.169794 
2727.000000	79.171157 
2726.000000	79.172748 
2725.000000	79.174387 
2724.000000	79.175659 
2723.000000	79.176259 
2722.000000	79.176400 
2721.000000	79.176500 
2720.000000	79.176484 
2719.000000	79.175911 
2718.000000	79.174792 
2717.000000	79.173873 
2716.000000	79.173938 
2715.000000	79.175124 
2714.000000	79.176998 
2713.000000	79.178975 
2712.000000	79.180579 
2711.000000	79.181456 
2710.000000	79.181430 
2709.000000	79.180656 
2708.000000	79.179587 
2707.000000	79.178700 
2706.000000	79.178212 
2705.000000	79.177985 
2704.000000	79.177757 
2703.000000	79.177453 
2702.000000	79.177157 
2701.000000	79.176862 
2700.000000	79.176490 
2699.000000	79.176167 
2698.000000	79.176212 
2697.000000	79.176755 
2696.000000	79.177515 
2695.000000	79.178028 
2694.000000	79.177957 
2693.000000	79.177147 
2692.000000	79.175633 
2691.000000	79.173824 
2690.000000	79.172472 
2689.000000	79.172117 
2688.000000	79.172631 
2687.000000	79.173390 
2686.000000	79.173857 
2685.000000	79.173939 
2684.000000	79.173757 
2683.000000	79.173376 
2682.000000	79.172829 
2681.000000	79.172285 
2680.000000	79.172015 
2679.000000	79.172164 
2678.000000	79.172598 
2677.000000	79.173004 
2676.000000	79.173170 
2675.000000	79.173105 
2674.000000	79.172947 
2673.000000	79.172864 
2672.000000	79.173019 
2671.000000	79.173473 
2670.000000	79.174095 
2669.000000	79.174614 
2668.000000	79.174871 
2667.000000	79.174945 
2666.000000	79.175028 
2665.000000	79.175251 
2664.000000	79.175604 
2663.000000	79.176009 
2662.000000	79.176394 
2661.000000	79.176717 
2660.000000	79.176976 
2659.000000	79.177214 
2658.000000	79.177486 
2657.000000	79.177803 
2656.000000	79.178131 
2655.000000	79.178441 
2654.000000	79.178745 
2653.000000	79.179069 
2652.000000	79.179421 
2651.000000	79.179791 
2650.000000	79.180168 
2649.000000	79.180544 
2648.000000	79.180916 
2647.000000	79.181282 
2646.000000	79.181633 
2645.000000	79.181967 
2644.000000	79.182282 
2643.000000	79.182578 
2642.000000	79.182854 
2641.000000	79.183110 
2640.000000	79.183347 
2639.000000	79.183569 
2638.000000	79.183781 
2637.000000	79.183985 
2636.000000	79.184177 
2635.000000	79.184341 
2634.000000	79.184471 
2633.000000	79.184616 
2632.000000	79.184834 
2631.000000	79.185117 
2630.000000	79.185412 
2629.000000	79.185717 
2628.000000	79.186041 
2627.000000	79.186326 
2626.000000	79.186514 
2625.000000	79.186702 
2624.000000	79.187051 
2623.000000	79.187524 
2622.000000	79.187861 
2621.000000	79.187868 
2620.000000	79.187668 
2619.000000	79.187655 
2618.000000	79.188147 
2617.000000	79.189012 
2616.000000	79.189677 
2615.000000	79.189701 
2614.000000	79.189232 
2613.000000	79.188804 
2612.000000	79.188642 
2611.000000	79.188489 
2610.000000	79.188173 
2609.000000	79.188023 
2608.000000	79.188437 
2607.000000	79.189172 
2606.000000	79.189368 
2605.000000	79.188438 
2604.000000	79.186795 
2603.000000	79.185544 
2602.000000	79.185302 
2601.000000	79.185618 
2600.000000	79.185750 
2599.000000	79.185842 
2598.000000	79.186751 
2597.000000	79.188735 
2596.000000	79.190960 
2595.000000	79.192570 
2594.000000	79.193748 
2593.000000	79.195170 
2592.000000	79.196795 
2591.000000	79.197796 
2590.000000	79.197664 
2589.000000	79.196893 
2588.000000	79.196530 
2587.000000	79.197243 
2586.000000	79.198803 
2585.000000	79.200187 
2584.000000	79.200288 
2583.000000	79.198770 
2582.000000	79.196272 
2581.000000	79.193801 
2580.000000	79.191991 
2579.000000	79.191175 
2578.000000	79.191683 
2577.000000	79.193549 
2576.000000	79.196083 
2575.000000	79.198182 
2574.000000	79.199318 
2573.000000	79.199920 
2572.000000	79.200796 
2571.000000	79.202357 
2570.000000	79.204339 
2569.000000	79.206010 
2568.000000	79.206712 
2567.000000	79.206410 
2566.000000	79.205801 
2565.000000	79.205772 
2564.000000	79.206645 
2563.000000	79.208003 
2562.000000	79.209129 
2561.000000	79.209571 
2560.000000	79.209363 
2559.000000	79.208885 
2558.000000	79.208555 
2557.000000	79.208553 
2556.000000	79.208783 
2555.000000	79.209070 
2554.000000	79.209318 
2553.000000	79.209465 
2552.000000	79.209463 
2551.000000	79.209411 
2550.000000	79.209585 
2549.000000	79.210170 
2548.000000	79.211014 
2547.000000	79.211787 
2546.000000	79.212381 
2545.000000	79.212964 
2544.000000	79.213575 
2543.000000	79.213876 
2542.000000	79.213518 
2541.000000	79.212710 
2540.000000	79.212261 
2539.000000	79.212785 
2538.000000	79.213981 
2537.000000	79.214845 
2536.000000	79.214690 
2535.000000	79.213718 
2534.000000	79.212602 
2533.000000	79.211725 
2532.000000	79.211036 
2531.000000	79.210527 
2530.000000	79.210418 
2529.000000	79.210814 
2528.000000	79.211505 
2527.000000	79.212227 
2526.000000	79.212861 
2525.000000	79.213344 
2524.000000	79.213719 
2523.000000	79.214354 
2522.000000	79.215723 
2521.000000	79.217719 
2520.000000	79.219401 
2519.000000	79.219738 
2518.000000	79.218458 
2517.000000	79.216225 
2516.000000	79.214159 
2515.000000	79.213045 
2514.000000	79.212883 
2513.000000	79.213050 
2512.000000	79.212959 
2511.000000	79.212566 
2510.000000	79.212156 
2509.000000	79.211899 
2508.000000	79.211867 
2507.000000	79.212231 
2506.000000	79.212918 
2505.000000	79.213224 
2504.000000	79.212399 
2503.000000	79.210637 
2502.000000	79.209050 
2501.000000	79.208416 
2500.000000	79.208441 
2499.000000	79.208447 
2498.000000	79.208297 
2497.000000	79.208214 
2496.000000	79.208070 
2495.000000	79.207447 
2494.000000	79.206301 
2493.000000	79.205117 
2492.000000	79.204395 
2491.000000	79.204372 
2490.000000	79.205077 
2489.000000	79.206282 
2488.000000	79.207505 
2487.000000	79.208280 
2486.000000	79.208489 
2485.000000	79.208347 
2484.000000	79.208063 
2483.000000	79.207651 
2482.000000	79.207043 
2481.000000	79.206301 
2480.000000	79.205703 
2479.000000	79.205579 
2478.000000	79.206013 
2477.000000	79.206713 
2476.000000	79.207221 
2475.000000	79.207304 
2474.000000	79.207091 
2473.000000	79.206868 
2472.000000	79.206834 
2471.000000	79.207077 
2470.000000	79.207642 
2469.000000	79.208454 
2468.000000	79.209203 
2467.000000	79.209507 
2466.000000	79.209223 
2465.000000	79.208564 
2464.000000	79.207949 
2463.000000	79.207691 
2462.000000	79.207774 
2461.000000	79.207891 
2460.000000	79.207747 
2459.000000	79.207367 
2458.000000	79.207036 
2457.000000	79.206928 
2456.000000	79.206963 
2455.000000	79.207057 
2454.000000	79.207291 
2453.000000	79.207686 
2452.000000	79.207958 
2451.000000	79.207750 
2450.000000	79.207105 
2449.000000	79.206620 
2448.000000	79.206992 
2447.000000	79.208481 
2446.000000	79.210658 
2445.000000	79.212551 
2444.000000	79.213431 
2443.000000	79.213308 
2442.000000	79.212740 
2441.000000	79.212148 
2440.000000	79.211522 
2439.000000	79.210885 
2438.000000	79.210533 
2437.000000	79.210613 
2436.000000	79.210783 
2435.000000	79.210634 
2434.000000	79.210274 
2433.000000	79.210197 
2432.000000	79.210691 
2431.000000	79.211640 
2430.000000	79.212739 
2429.000000	79.213590 
2428.000000	79.213796 
2427.000000	79.213310 
2426.000000	79.212613 
2425.000000	79.212278 
2424.000000	79.212442 
2423.000000	79.212861 
2422.000000	79.213224 
2421.000000	79.213255 
2420.000000	79.212888 
2419.000000	79.212645 
2418.000000	79.213360 
2417.000000	79.215153 
2416.000000	79.217094 
2415.000000	79.218320 
2414.000000	79.219069 
2413.000000	79.219973 
2412.000000	79.220996 
2411.000000	79.221889 
2410.000000	79.223006 
2409.000000	79.224576 
2408.000000	79.225733 
2407.000000	79.225485 
2406.000000	79.224240 
2405.000000	79.223548 
2404.000000	79.224230 
2403.000000	79.225499 
2402.000000	79.226254 
2401.000000	79.226417 
2400.000000	79.226661 
2399.000000	79.227374 
2398.000000	79.228311 
2397.000000	79.228994 
2396.000000	79.229081 
2395.000000	79.228493 
2394.000000	79.227413 
2393.000000	79.226230 
2392.000000	79.225372 
2391.000000	79.225008 
2390.000000	79.224994 
2389.000000	79.225134 
2388.000000	79.225419 
2387.000000	79.225938 
2386.000000	79.226546 
2385.000000	79.226885 
2384.000000	79.226864 
2383.000000	79.226864 
2382.000000	79.227240 
2381.000000	79.227789 
2380.000000	79.228045 
2379.000000	79.227975 
2378.000000	79.228019 
2377.000000	79.228393 
2376.000000	79.228832 
2375.000000	79.229151 
2374.000000	79.229670 
2373.000000	79.230733 
2372.000000	79.232141 
2371.000000	79.233315 
2370.000000	79.233912 
2369.000000	79.233981 
2368.000000	79.233789 
2367.000000	79.233795 
2366.000000	79.234480 
2365.000000	79.235946 
2364.000000	79.237787 
2363.000000	79.239513 
2362.000000	79.240997 
2361.000000	79.242325 
2360.000000	79.243629 
2359.000000	79.244966 
2358.000000	79.246356 
2357.000000	79.247791 
2356.000000	79.249257 
2355.000000	79.250758 
2354.000000	79.252237 
2353.000000	79.253688 
2352.000000	79.255162 
2351.000000	79.256728 
2350.000000	79.258450 
2349.000000	79.260318 
2348.000000	79.262252 
2347.000000	79.264061 
2346.000000	79.265622 
2345.000000	79.267027 
2344.000000	79.268490 
2343.000000	79.270193 
2342.000000	79.272034 
2341.000000	79.273778 
2340.000000	79.275232 
2339.000000	79.276490 
2338.000000	79.277882 
2337.000000	79.279628 
2336.000000	79.281600 
2335.000000	79.283419 
2334.000000	79.284707 
2333.000000	79.285581 
2332.000000	79.286555 
2331.000000	79.287702 
2330.000000	79.288691 
2329.000000	79.288950 
2328.000000	79.289133 
2327.000000	79.289786 
2326.000000	79.291068 
2325.000000	79.292973 
2324.000000	79.295219 
2323.000000	79.297813 
2322.000000	79.300014 
2321.000000	79.302101 
2320.000000	79.304417 
2319.000000	79.306919 
2318.000000	79.308833 
2317.000000	79.309522 
2316.000000	79.309332 
2315.000000	79.308742 
2314.000000	79.308684 
2313.000000	79.309716 
2312.000000	79.311827 
2311.000000	79.313215 
2310.000000	79.312166 
2309.000000	79.308697 
2308.000000	79.304419 
2307.000000	79.300400 
2306.000000	79.296628 
2305.000000	79.293774 
2304.000000	79.293334 
2303.000000	79.295818 
2302.000000	79.299393 
2301.000000	79.301490 
2300.000000	79.301111 
2299.000000	79.298946 
2298.000000	79.296444 
2297.000000	79.294522 
2296.000000	79.293669 
2295.000000	79.293534 
2294.000000	79.293345 
2293.000000	79.292385 
2292.000000	79.290659 
2291.000000	79.288696 
2290.000000	79.286902 
2289.000000	79.285457 
2288.000000	79.284330 
2287.000000	79.283489 
2286.000000	79.282807 
2285.000000	79.282241 
2284.000000	79.281627 
2283.000000	79.280765 
2282.000000	79.279768 
2281.000000	79.279431 
2280.000000	79.280535 
2279.000000	79.282809 
2278.000000	79.284787 
2277.000000	79.285232 
2276.000000	79.284373 
2275.000000	79.283353 
2274.000000	79.282886 
2273.000000	79.282717 
2272.000000	79.282377 
2271.000000	79.281905 
2270.000000	79.281703 
2269.000000	79.281957 
2268.000000	79.282419 
2267.000000	79.282651 
2266.000000	79.282385 
2265.000000	79.281733 
2264.000000	79.281195 
2263.000000	79.281269 
2262.000000	79.282006 
2261.000000	79.283001 
2260.000000	79.283787 
2259.000000	79.284268 
2258.000000	79.284648 
2257.000000	79.285169 
2256.000000	79.285924 
2255.000000	79.286841 
2254.000000	79.287739 
2253.000000	79.288470 
2252.000000	79.289050 
2251.000000	79.289590 
2250.000000	79.290155 
2249.000000	79.290742 
2248.000000	79.291382 
2247.000000	79.292109 
2246.000000	79.292880 
2245.000000	79.293624 
2244.000000	79.294351 
2243.000000	79.295131 
2242.000000	79.295970 
2241.000000	79.296829 
2240.000000	79.297662 
2239.000000	79.298458 
2238.000000	79.299224 
2237.000000	79.299992 
2236.000000	79.300785 
2235.000000	79.301593 
2234.000000	79.302392 
2233.000000	79.303175 
2232.000000	79.303949 
2231.000000	79.304720 
2230.000000	79.305497 
2229.000000	79.306292 
2228.000000	79.307102 
2227.000000	79.307915 
2226.000000	79.308733 
2225.000000	79.309590 
2224.000000	79.310514 
2223.000000	79.311495 
2222.000000	79.312489 
2221.000000	79.313460 
2220.000000	79.314402 
2219.000000	79.315329 
2218.000000	79.316257 
2217.000000	79.317184 
2216.000000	79.318101 
2215.000000	79.319003 
2214.000000	79.319893 
2213.000000	79.320776 
2212.000000	79.321648 
2211.000000	79.322516 
2210.000000	79.323394 
2209.000000	79.324311 
2208.000000	79.325299 
2207.000000	79.326375 
2206.000000	79.327499 
2205.000000	79.328563 
2204.000000	79.329477 
2203.000000	79.330234 
2202.000000	79.330921 
2201.000000	79.331632 
2200.000000	79.332421 
2199.000000	79.333352 
2198.000000	79.334462 
2197.000000	79.335673 
2196.000000	79.336827 
2195.000000	79.337856 
2194.000000	79.338835 
2193.000000	79.339870 
2192.000000	79.340978 
2191.000000	79.342094 
2190.000000	79.343144 
2189.000000	79.344099 
2188.000000	79.345000 
2187.000000	79.345953 
2186.000000	79.347036 
2185.000000	79.348227 
2184.000000	79.349401 
2183.000000	79.350446 
2182.000000	79.351340 
2181.000000	79.352114 
2180.000000	79.352798 
2179.000000	79.353444 
2178.000000	79.354150 
2177.000000	79.354975 
2176.000000	79.355878 
2175.000000	79.356768 
2174.000000	79.357596 
2173.000000	79.358351 
2172.000000	79.359015 
2171.000000	79.359616 
2170.000000	79.360296 
2169.000000	79.361204 
2168.000000	79.362304 
2167.000000	79.363376 
2166.000000	79.364244 
2165.000000	79.364924 
2164.000000	79.365505 
2163.000000	79.365976 
2162.000000	79.366265 
2161.000000	79.366410 
2160.000000	79.366617 
2159.000000	79.367121 
2158.000000	79.367976 
2157.000000	79.368976 
2156.000000	79.369818 
2155.000000	79.370412 
2154.000000	79.370937 
2153.000000	79.371568 
2152.000000	79.372213 
2151.000000	79.372667 
2150.000000	79.372918 
2149.000000	79.373186 
2148.000000	79.373662 
2147.000000	79.374307 
2146.000000	79.374891 
2145.000000	79.375189 
2144.000000	79.375184 
2143.000000	79.375135 
2142.000000	79.375339 
2141.000000	79.375793 
2140.000000	79.376202 
2139.000000	79.376391 
2138.000000	79.376611 
2137.000000	79.377252 
2136.000000	79.378399 
2135.000000	79.379796 
2134.000000	79.381093 
2133.000000	79.382099 
2132.000000	79.382808 
2131.000000	79.383309 
2130.000000	79.383703 
2129.000000	79.384034 
2128.000000	79.384343 
2127.000000	79.384751 
2126.000000	79.385370 
2125.000000	79.386127 
2124.000000	79.386808 
2123.000000	79.387304 
2122.000000	79.387729 
2121.000000	79.388301 
2120.000000	79.389124 
2119.000000	79.390130 
2118.000000	79.391152 
2117.000000	79.392061 
2116.000000	79.392824 
2115.000000	79.393500 
2114.000000	79.394209 
2113.000000	79.395065 
2112.000000	79.396082 
2111.000000	79.397165 
2110.000000	79.398173 
2109.000000	79.399019 
2108.000000	79.399737 
2107.000000	79.400479 
2106.000000	79.401389 
2105.000000	79.402444 
2104.000000	79.403454 
2103.000000	79.404266 
2102.000000	79.404938 
2101.000000	79.405665 
2100.000000	79.406522 
2099.000000	79.407373 
2098.000000	79.408042 
2097.000000	79.408560 
2096.000000	79.409230 
2095.000000	79.410397 
2094.000000	79.412052 
2093.000000	79.413642 
2092.000000	79.414527 
2091.000000	79.414653 
2090.000000	79.414592 
2089.000000	79.414891 
2088.000000	79.415669 
2087.000000	79.416932 
2086.000000	79.418793 
2085.000000	79.421058 
2084.000000	79.423054 
2083.000000	79.424377 
2082.000000	79.425358 
2081.000000	79.426441 
2080.000000	79.427517 
2079.000000	79.428304 
2078.000000	79.428908 
2077.000000	79.429396 
2076.000000	79.429314 
2075.000000	79.428385 
2074.000000	79.427340 
2073.000000	79.427260 
2072.000000	79.428146 
2071.000000	79.428919 
2070.000000	79.428826 
2069.000000	79.428264 
2068.000000	79.428070 
2067.000000	79.428564 
2066.000000	79.429598 
2065.000000	79.431025 
2064.000000	79.432705 
2063.000000	79.434285 
2062.000000	79.435319 
2061.000000	79.435526 
2060.000000	79.434818 
2059.000000	79.433294 
2058.000000	79.431367 
2057.000000	79.429752 
2056.000000	79.429020 
2055.000000	79.429209 
2054.000000	79.429897 
2053.000000	79.430581 
2052.000000	79.431013 
2051.000000	79.431265 
2050.000000	79.431627 
2049.000000	79.432407 
2048.000000	79.433570 
2047.000000	79.434523 
2046.000000	79.434472 
2045.000000	79.433136 
2044.000000	79.431068 
2043.000000	79.429306 
2042.000000	79.428514 
2041.000000	79.428532 
2040.000000	79.428664 
2039.000000	79.428400 
2038.000000	79.427865 
2037.000000	79.427579 
2036.000000	79.427875 
2035.000000	79.428609 
2034.000000	79.429343 
2033.000000	79.429806 
2032.000000	79.430108 
2031.000000	79.430485 
2030.000000	79.430892 
2029.000000	79.430998 
2028.000000	79.430611 
2027.000000	79.429957 
2026.000000	79.429448 
2025.000000	79.429245 
2024.000000	79.429171 
2023.000000	79.429007 
2022.000000	79.428719 
2021.000000	79.428401 
2020.000000	79.428104 
2019.000000	79.427783 
2018.000000	79.427376 
2017.000000	79.426941 
2016.000000	79.426732 
2015.000000	79.427044 
2014.000000	79.427906 
2013.000000	79.428915 
2012.000000	79.429506 
2011.000000	79.429482 
2010.000000	79.429123 
2009.000000	79.428834 
2008.000000	79.428708 
2007.000000	79.428544 
2006.000000	79.428176 
2005.000000	79.427706 
2004.000000	79.427430 
2003.000000	79.427642 
2002.000000	79.428401 
2001.000000	79.429401 
2000.000000	79.430146 
1999.000000	79.430321 
1998.000000	79.429987 
1997.000000	79.429511 
1996.000000	79.429353 
1995.000000	79.429817 
1994.000000	79.430836 
1993.000000	79.431920 
1992.000000	79.432541 
1991.000000	79.432707 
1990.000000	79.432932 
1989.000000	79.433583 
1988.000000	79.434492 
1987.000000	79.435318 
1986.000000	79.435987 
1985.000000	79.436627 
1984.000000	79.437294 
1983.000000	79.438051 
1982.000000	79.439042 
1981.000000	79.440227 
1980.000000	79.441298 
1979.000000	79.442056 
1978.000000	79.442706 
1977.000000	79.443618 
1976.000000	79.445013 
1975.000000	79.446893 
1974.000000	79.448936 
1973.000000	79.450442 
1972.000000	79.450847 
1971.000000	79.450453 
1970.000000	79.450248 
1969.000000	79.450754 
1968.000000	79.451519 
1967.000000	79.452090 
1966.000000	79.453018 
1965.000000	79.455145 
1964.000000	79.458312 
1963.000000	79.461418 
1962.000000	79.463774 
1961.000000	79.465797 
1960.000000	79.468201 
1959.000000	79.470925 
1958.000000	79.473210 
1957.000000	79.474440 
1956.000000	79.474611 
1955.000000	79.474110 
1954.000000	79.473391 
1953.000000	79.472789 
1952.000000	79.472355 
1951.000000	79.471946 
1950.000000	79.471507 
1949.000000	79.471274 
1948.000000	79.471652 
1947.000000	79.472944 
1946.000000	79.475172 
1945.000000	79.477909 
1944.000000	79.480260 
1943.000000	79.481304 
1942.000000	79.480858 
1941.000000	79.479776 
1940.000000	79.479376 
1939.000000	79.480551 
1938.000000	79.483291 
1937.000000	79.486646 
1936.000000	79.489210 
1935.000000	79.490011 
1934.000000	79.489289 
1933.000000	79.488433 
1932.000000	79.488680 
1931.000000	79.489955 
1930.000000	79.491091 
1929.000000	79.491317 
1928.000000	79.490988 
1927.000000	79.490991 
1926.000000	79.491859 
1925.000000	79.493235 
1924.000000	79.494531 
1923.000000	79.495745 
1922.000000	79.497495 
1921.000000	79.500219 
1920.000000	79.503370 
1919.000000	79.505386 
1918.000000	79.504609 
1917.000000	79.500840 
1916.000000	79.495987 
1915.000000	79.492403 
1914.000000	79.490831 
1913.000000	79.490314 
1912.000000	79.489833 
1911.000000	79.489628 
1910.000000	79.490197 
1909.000000	79.490769 
1908.000000	79.489708 
1907.000000	79.486623 
1906.000000	79.483012 
1905.000000	79.480224 
1904.000000	79.478540 
1903.000000	79.477997 
1902.000000	79.478660 
1901.000000	79.479856 
1900.000000	79.480280 
1899.000000	79.479567 
1898.000000	79.478844 
1897.000000	79.478824 
1896.000000	79.478646 
1895.000000	79.477294 
1894.000000	79.475326 
1893.000000	79.474085 
1892.000000	79.473901 
1891.000000	79.474088 
1890.000000	79.474330 
1889.000000	79.475161 
1888.000000	79.477006 
1887.000000	79.479593 
1886.000000	79.482346 
1885.000000	79.484850 
1884.000000	79.487246 
1883.000000	79.490041 
1882.000000	79.492964 
1881.000000	79.494699 
1880.000000	79.494441 
1879.000000	79.493329 
1878.000000	79.493638 
1877.000000	79.496292 
1876.000000	79.500260 
1875.000000	79.504414 
1874.000000	79.508413 
1873.000000	79.511528 
1872.000000	79.512280 
1871.000000	79.510175 
1870.000000	79.507275 
1869.000000	79.506863 
1868.000000	79.509900 
1867.000000	79.514475 
1866.000000	79.518689 
1865.000000	79.522238 
1864.000000	79.525679 
1863.000000	79.529590 
1862.000000	79.534036 
1861.000000	79.538304 
1860.000000	79.541478 
1859.000000	79.543625 
1858.000000	79.545965 
1857.000000	79.549392 
1856.000000	79.553478 
1855.000000	79.557361 
1854.000000	79.560581 
1853.000000	79.563210 
1852.000000	79.565650 
1851.000000	79.568178 
1850.000000	79.571119 
1849.000000	79.574628 
1848.000000	79.578347 
1847.000000	79.581543 
1846.000000	79.583692 
1845.000000	79.584949 
1844.000000	79.586224 
1843.000000	79.588619 
1842.000000	79.592316 
1841.000000	79.596501 
1840.000000	79.600251 
1839.000000	79.603176 
1838.000000	79.605397 
1837.000000	79.606960 
1836.000000	79.607918 
1835.000000	79.608790 
1834.000000	79.610420 
1833.000000	79.613583 
1832.000000	79.618455 
1831.000000	79.623815 
1830.000000	79.627511 
1829.000000	79.628489 
1828.000000	79.628126 
1827.000000	79.628126 
1826.000000	79.628181 
1825.000000	79.627108 
1824.000000	79.625475 
1823.000000	79.625717 
1822.000000	79.629234 
1821.000000	79.634731 
1820.000000	79.639671 
1819.000000	79.642932 
1818.000000	79.645073 
1817.000000	79.646126 
1816.000000	79.645785 
1815.000000	79.645083 
1814.000000	79.645557 
1813.000000	79.647111 
1812.000000	79.648553 
1811.000000	79.650694 
1810.000000	79.655750 
1809.000000	79.663287 
1808.000000	79.669887 
1807.000000	79.673720 
1806.000000	79.677163 
1805.000000	79.682897 
1804.000000	79.689534 
1803.000000	79.692727 
1802.000000	79.690620 
1801.000000	79.686805 
1800.000000	79.685033 
1799.000000	79.685816 
1798.000000	79.688594 
1797.000000	79.693040 
1796.000000	79.698437 
1795.000000	79.704229 
1794.000000	79.710671 
1793.000000	79.717621 
1792.000000	79.723167 
1791.000000	79.725611 
1790.000000	79.725587 
1789.000000	79.726216 
1788.000000	79.731373 
1787.000000	79.742563 
1786.000000	79.757062 
1785.000000	79.769565 
1784.000000	79.777581 
1783.000000	79.783447 
1782.000000	79.789927 
1781.000000	79.796094 
1780.000000	79.797084 
1779.000000	79.792089 
1778.000000	79.787296 
1777.000000	79.788749 
1776.000000	79.796459 
1775.000000	79.807503 
1774.000000	79.821758 
1773.000000	79.841141 
1772.000000	79.862992 
1771.000000	79.882718 
1770.000000	79.901963 
1769.000000	79.923274 
1768.000000	79.944971 
1767.000000	79.964124 
1766.000000	79.981292 
1765.000000	79.999937 
1764.000000	80.021365 
1763.000000	80.043754 
1762.000000	80.065182 
1761.000000	80.085745 
1760.000000	80.105911 
1759.000000	80.126633 
1758.000000	80.148671 
1757.000000	80.171518 
1756.000000	80.192521 
1755.000000	80.210591 
1754.000000	80.228493 
1753.000000	80.248180 
1752.000000	80.267293 
1751.000000	80.284012 
1750.000000	80.301835 
1749.000000	80.323334 
1748.000000	80.345645 
1747.000000	80.364395 
1746.000000	80.380321 
1745.000000	80.396775 
1744.000000	80.412203 
1743.000000	80.421845 
1742.000000	80.425022 
1741.000000	80.426864 
1740.000000	80.431559 
1739.000000	80.437635 
1738.000000	80.441245 
1737.000000	80.439736 
1736.000000	80.428534 
1735.000000	80.400906 
1734.000000	80.360169 
1733.000000	80.327104 
1732.000000	80.315701 
1731.000000	80.320152 
1730.000000	80.329091 
1729.000000	80.333782 
1728.000000	80.330586 
1727.000000	80.320724 
1726.000000	80.308093 
1725.000000	80.295550 
1724.000000	80.282871 
1723.000000	80.270239 
1722.000000	80.258816 
1721.000000	80.248781 
1720.000000	80.237450 
1719.000000	80.219965 
1718.000000	80.192897 
1717.000000	80.160258 
1716.000000	80.132602 
1715.000000	80.115356 
1714.000000	80.105096 
1713.000000	80.095042 
1712.000000	80.080951 
1711.000000	80.063052 
1710.000000	80.043151 
1709.000000	80.022503 
1708.000000	80.001887 
1707.000000	79.982645 
1706.000000	79.967085 
1705.000000	79.954765 
1704.000000	79.942498 
1703.000000	79.927512 
1702.000000	79.909795 
1701.000000	79.892774 
1700.000000	79.877931 
1699.000000	79.864860 
1698.000000	79.857746 
1697.000000	79.860011 
1696.000000	79.868796 
1695.000000	79.875222 
1694.000000	79.873929 
1693.000000	79.868017 
1692.000000	79.862143 
1691.000000	79.860057 
1690.000000	79.862767 
1689.000000	79.867199 
1688.000000	79.868764 
1687.000000	79.865994 
1686.000000	79.863403 
1685.000000	79.865104 
1684.000000	79.866508 
1683.000000	79.863158 
1682.000000	79.860993 
1681.000000	79.863247 
1680.000000	79.867844 
1679.000000	79.872774 
1678.000000	79.879100 
1677.000000	79.888618 
1676.000000	79.898465 
1675.000000	79.902515 
1674.000000	79.900570 
1673.000000	79.898942 
1672.000000	79.899264 
1671.000000	79.899976 
1670.000000	79.901507 
1669.000000	79.906507 
1668.000000	79.914117 
1667.000000	79.919257 
1666.000000	79.919324 
1665.000000	79.916811 
1664.000000	79.916335 
1663.000000	79.920271 
1662.000000	79.926406 
1661.000000	79.932496 
1660.000000	79.937731 
1659.000000	79.941790 
1658.000000	79.945067 
1657.000000	79.947642 
1656.000000	79.947520 
1655.000000	79.942536 
1654.000000	79.935152 
1653.000000	79.931241 
1652.000000	79.933350 
1651.000000	79.939299 
1650.000000	79.944590 
1649.000000	79.947352 
1648.000000	79.948070 
1647.000000	79.947652 
1646.000000	79.947430 
1645.000000	79.948721 
1644.000000	79.951189 
1643.000000	79.953163 
1642.000000	79.953274 
1641.000000	79.951696 
1640.000000	79.949450 
1639.000000	79.947274 
1638.000000	79.945467 
1637.000000	79.944635 
1636.000000	79.945439 
1635.000000	79.946893 
1634.000000	79.948062 
1633.000000	79.948664 
1632.000000	79.948822 
1631.000000	79.949057 
1630.000000	79.950035 
1629.000000	79.952047 
1628.000000	79.954525 
1627.000000	79.956112 
1626.000000	79.955750 
1625.000000	79.953878 
1624.000000	79.952201 
1623.000000	79.952365 
1622.000000	79.954333 
1621.000000	79.956914 
1620.000000	79.958748 
1619.000000	79.959085 
1618.000000	79.958382 
1617.000000	79.957952 
1616.000000	79.958692 
1615.000000	79.960234 
1614.000000	79.961653 
1613.000000	79.962691 
1612.000000	79.964248 
1611.000000	79.966980 
1610.000000	79.970296 
1609.000000	79.973433 
1608.000000	79.976161 
1607.000000	79.978089 
1606.000000	79.978597 
1605.000000	79.978491 
1604.000000	79.979350 
1603.000000	79.981880 
1602.000000	79.985449 
1601.000000	79.988736 
1600.000000	79.991103 
1599.000000	79.993146 
1598.000000	79.996096 
1597.000000	80.000572 
1596.000000	80.006007 
1595.000000	80.011353 
1594.000000	80.015899 
1593.000000	80.019468 
1592.000000	80.022142 
1591.000000	80.024304 
1590.000000	80.026710 
1589.000000	80.029955 
1588.000000	80.033824 
1587.000000	80.037602 
1586.000000	80.040816 
1585.000000	80.043627 
1584.000000	80.046509 
1583.000000	80.049361 
1582.000000	80.052257 
1581.000000	80.055745 
1580.000000	80.059899 
1579.000000	80.063813 
1578.000000	80.067181 
1577.000000	80.070869 
1576.000000	80.075203 
1575.000000	80.079185 
1574.000000	80.082219 
1573.000000	80.084241 
1572.000000	80.085429 
1571.000000	80.087113 
1570.000000	80.090785 
1569.000000	80.095875 
1568.000000	80.100394 
1567.000000	80.103425 
1566.000000	80.106346 
1565.000000	80.110993 
1564.000000	80.117185 
1563.000000	80.122230 
1562.000000	80.124224 
1561.000000	80.123246 
1560.000000	80.121780 
1559.000000	80.122296 
1558.000000	80.124796 
1557.000000	80.131851 
1556.000000	80.140851 
1555.000000	80.146696 
1554.000000	80.148713 
1553.000000	80.151323 
1552.000000	80.157058 
1551.000000	80.162898 
1550.000000	80.164792 
1549.000000	80.162576 
1548.000000	80.159898 
1547.000000	80.159094 
1546.000000	80.159749 
1545.000000	80.161112 
1544.000000	80.163223 
1543.000000	80.165551 
1542.000000	80.167311 
1541.000000	80.167098 
1540.000000	80.162071 
1539.000000	80.153644 
1538.000000	80.148917 
1537.000000	80.149088 
1536.000000	80.150395 
1535.000000	80.150135 
1534.000000	80.149113 
1533.000000	80.149969 
1532.000000	80.152390 
1531.000000	80.153695 
1530.000000	80.152945 
1529.000000	80.151542 
1528.000000	80.151184 
1527.000000	80.152193 
1526.000000	80.153626 
1525.000000	80.154944 
1524.000000	80.156253 
1523.000000	80.157791 
1522.000000	80.159602 
1521.000000	80.160975 
1520.000000	80.161544 
1519.000000	80.162329 
1518.000000	80.164281 
1517.000000	80.166795 
1516.000000	80.167938 
1515.000000	80.167961 
1514.000000	80.169509 
1513.000000	80.173688 
1512.000000	80.178149 
1511.000000	80.180134 
1510.000000	80.178887 
1509.000000	80.175411 
1508.000000	80.171982 
1507.000000	80.172166 
1506.000000	80.174419 
1505.000000	80.176579 
1504.000000	80.179839 
1503.000000	80.184100 
1502.000000	80.188618 
1501.000000	80.192901 
1500.000000	80.196904 
1499.000000	80.201892 
1498.000000	80.209503 
1497.000000	80.218204 
1496.000000	80.222512 
1495.000000	80.220029 
1494.000000	80.214246 
1493.000000	80.209580 
1492.000000	80.207767 
1491.000000	80.209402 
1490.000000	80.214667 
1489.000000	80.221592 
1488.000000	80.226215 
1487.000000	80.228308 
1486.000000	80.231135 
1485.000000	80.236013 
1484.000000	80.241687 
1483.000000	80.246014 
1482.000000	80.248346 
1481.000000	80.249593 
1480.000000	80.251943 
1479.000000	80.257513 
1478.000000	80.266664 
1477.000000	80.276636 
1476.000000	80.283949 
1475.000000	80.288254 
1474.000000	80.292868 
1473.000000	80.301563 
1472.000000	80.312581 
1471.000000	80.322501 
1470.000000	80.332637 
1469.000000	80.344847 
1468.000000	80.356754 
1467.000000	80.364457 
1466.000000	80.368062 
1465.000000	80.372798 
1464.000000	80.381413 
1463.000000	80.390760 
1462.000000	80.398518 
1461.000000	80.406157 
1460.000000	80.416190 
1459.000000	80.428659 
1458.000000	80.438966 
1457.000000	80.438243 
1456.000000	80.423814 
1455.000000	80.404935 
1454.000000	80.390631 
1453.000000	80.383139 
1452.000000	80.379495 
1451.000000	80.376891 
1450.000000	80.376854 
1449.000000	80.382196 
1448.000000	80.390373 
1447.000000	80.395144 
1446.000000	80.395034 
1445.000000	80.394922 
1444.000000	80.396388 
1443.000000	80.395525 
1442.000000	80.389761 
1441.000000	80.382349 
1440.000000	80.378836 
1439.000000	80.381811 
1438.000000	80.389592 
1437.000000	80.396532 
1436.000000	80.396832 
1435.000000	80.390221 
1434.000000	80.382719 
1433.000000	80.379639 
1432.000000	80.381555 
1431.000000	80.385224 
1430.000000	80.386183 
1429.000000	80.381410 
1428.000000	80.371819 
1427.000000	80.361836 
1426.000000	80.354780 
1425.000000	80.350067 
1424.000000	80.344369 
1423.000000	80.336653 
1422.000000	80.329199 
1421.000000	80.322928 
1420.000000	80.313218 
1419.000000	80.293873 
1418.000000	80.266939 
1417.000000	80.240539 
1416.000000	80.219028 
1415.000000	80.200777 
1414.000000	80.181732 
1413.000000	80.159575 
1412.000000	80.136406 
1411.000000	80.117653 
1410.000000	80.106962 
1409.000000	80.103417 
1408.000000	80.103954 
1407.000000	80.106030 
1406.000000	80.108149 
1405.000000	80.111734 
1404.000000	80.120043 
1403.000000	80.133724 
1402.000000	80.150165 
1401.000000	80.167394 
1400.000000	80.184834 
1399.000000	80.199935 
1398.000000	80.204965 
1397.000000	80.190510 
1396.000000	80.155472 
1395.000000	80.116976 
1394.000000	80.103816 
1393.000000	80.129636 
1392.000000	80.182545 
1391.000000	80.240225 
1390.000000	80.286948 
1389.000000	80.319114 
1388.000000	80.340550 
1387.000000	80.355794 
1386.000000	80.367284 
1385.000000	80.378061 
1384.000000	80.391805 
1383.000000	80.409990 
1382.000000	80.431729 
1381.000000	80.455666 
1380.000000	80.479575 
1379.000000	80.499867 
1378.000000	80.515010 
1377.000000	80.528176 
1376.000000	80.543916 
1375.000000	80.562605 
1374.000000	80.580168 
1373.000000	80.593070 
1372.000000	80.601363 
1371.000000	80.607471 
1370.000000	80.614262 
1369.000000	80.624224 
1368.000000	80.639144 
1367.000000	80.657892 
1366.000000	80.675764 
1365.000000	80.687469 
1364.000000	80.690128 
1363.000000	80.685747 
1362.000000	80.680227 
1361.000000	80.677296 
1360.000000	80.676363 
1359.000000	80.677132 
1358.000000	80.681749 
1357.000000	80.691249 
1356.000000	80.702423 
1355.000000	80.710565 
1354.000000	80.714512 
1353.000000	80.716072 
1352.000000	80.714648 
1351.000000	80.707606 
1350.000000	80.696674 
1349.000000	80.687228 
1348.000000	80.681641 
1347.000000	80.677887 
1346.000000	80.674631 
1345.000000	80.672716 
1344.000000	80.671362 
1343.000000	80.666999 
1342.000000	80.657523 
1341.000000	80.644997 
1340.000000	80.633210 
1339.000000	80.623716 
1338.000000	80.614824 
1337.000000	80.604403 
1336.000000	80.592353 
1335.000000	80.580598 
1334.000000	80.572037 
1333.000000	80.568416 
1332.000000	80.568175 
1331.000000	80.567601 
1330.000000	80.564516 
1329.000000	80.559797 
1328.000000	80.555852 
1327.000000	80.554861 
1326.000000	80.557498 
1325.000000	80.561065 
1324.000000	80.560623 
1323.000000	80.553037 
1322.000000	80.540002 
1321.000000	80.526393 
1320.000000	80.515940 
1319.000000	80.509309 
1318.000000	80.505733 
1317.000000	80.504801 
1316.000000	80.505877 
1315.000000	80.506913 
1314.000000	80.505458 
1313.000000	80.501242 
1312.000000	80.496581 
1311.000000	80.493537 
1310.000000	80.491229 
1309.000000	80.486811 
1308.000000	80.479106 
1307.000000	80.470548 
1306.000000	80.464996 
1305.000000	80.463606 
1304.000000	80.464078 
1303.000000	80.463169 
1302.000000	80.459232 
1301.000000	80.452310 
1300.000000	80.443021 
1299.000000	80.432049 
1298.000000	80.420278 
1297.000000	80.408945 
1296.000000	80.399596 
1295.000000	80.393692 
1294.000000	80.391313 
1293.000000	80.390410 
1292.000000	80.388114 
1291.000000	80.382775 
1290.000000	80.374200 
1289.000000	80.362496 
1288.000000	80.348149 
1287.000000	80.333087 
1286.000000	80.319815 
1285.000000	80.309337 
1284.000000	80.301557 
1283.000000	80.297203 
1282.000000	80.296826 
1281.000000	80.297484 
1280.000000	80.293315 
1279.000000	80.281028 
1278.000000	80.263209 
1277.000000	80.245531 
1276.000000	80.231837 
1275.000000	80.222582 
1274.000000	80.215685 
1273.000000	80.207308 
1272.000000	80.193758 
1271.000000	80.174753 
1270.000000	80.154015 
1269.000000	80.135534 
1268.000000	80.120546 
1267.000000	80.108549 
1266.000000	80.098347 
1265.000000	80.086901 
1264.000000	80.070048 
1263.000000	80.046791 
1262.000000	80.021125 
1261.000000	79.997708 
1260.000000	79.977572 
1259.000000	79.959462 
1258.000000	79.942893 
1257.000000	79.928142 
1256.000000	79.915162 
1255.000000	79.904374 
1254.000000	79.896319 
1253.000000	79.888838 
1252.000000	79.877631 
1251.000000	79.862536 
1250.000000	79.850230 
1249.000000	79.846944 
1248.000000	79.850875 
1247.000000	79.855062 
1246.000000	79.854942 
1245.000000	79.849175 
1244.000000	79.836814 
1243.000000	79.820784 
1242.000000	79.812436 
1241.000000	79.823838 
1240.000000	79.853246 
1239.000000	79.884206 
1238.000000	79.902250 
1237.000000	79.907585 
1236.000000	79.908716 
1235.000000	79.909953 
1234.000000	79.910176 
1233.000000	79.909042 
1232.000000	79.907183 
1231.000000	79.901692 
1230.000000	79.888007 
1229.000000	79.867078 
1228.000000	79.845721 
1227.000000	79.827855 
1226.000000	79.808382 
1225.000000	79.778202 
1224.000000	79.734534 
1223.000000	79.685804 
1222.000000	79.647289 
1221.000000	79.631364 
1220.000000	79.638915 
1219.000000	79.656983 
1218.000000	79.665282 
1217.000000	79.648559 
1216.000000	79.605156 
1215.000000	79.545405 
1214.000000	79.482346 
1213.000000	79.423168 
1212.000000	79.368253 
1211.000000	79.315609 
1210.000000	79.264049 
1209.000000	79.213080 
1208.000000	79.162351 
1207.000000	79.112176 
1206.000000	79.063495 
1205.000000	79.016477 
1204.000000	78.969302 
1203.000000	78.918440 
1202.000000	78.860252 
1201.000000	78.793530 
1200.000000	78.721713 
1199.000000	78.651765 
1198.000000	78.588758 
1197.000000	78.531671 
1196.000000	78.475727 
1195.000000	78.417949 
1194.000000	78.358762 
1193.000000	78.299233 
1192.000000	78.239613 
1191.000000	78.180625 
1190.000000	78.123580 
1189.000000	78.068761 
1188.000000	78.015580 
1187.000000	77.964138 
1186.000000	77.914178 
1185.000000	77.862755 
1184.000000	77.806415 
1183.000000	77.746872 
1182.000000	77.691339 
1181.000000	77.644601 
1180.000000	77.602357 
1179.000000	77.554597 
1178.000000	77.494642 
1177.000000	77.423193 
1176.000000	77.344849 
1175.000000	77.263667 
1174.000000	77.182351 
1173.000000	77.103125 
1172.000000	77.027446 
1171.000000	76.954727 
1170.000000	76.882366 
1169.000000	76.808391 
1168.000000	76.734506 
1167.000000	76.665802 
1166.000000	76.607359 
1165.000000	76.562473 
1164.000000	76.534504 
1163.000000	76.527894 
1162.000000	76.544846 
1161.000000	76.581194 
1160.000000	76.626523 
1159.000000	76.668324 
1158.000000	76.696274 
1157.000000	76.704166 
1156.000000	76.689822 
1155.000000	76.654587 
1154.000000	76.603010 
1153.000000	76.541914 
1152.000000	76.477966 
1151.000000	76.414249 
1150.000000	76.348986 
1149.000000	76.279388 
1148.000000	76.207377 
1147.000000	76.139207 
1146.000000	76.077707 
1145.000000	76.017094 
1144.000000	75.948526 
1143.000000	75.870153 
1142.000000	75.789361 
1141.000000	75.715247 
1140.000000	75.650580 
1139.000000	75.590665 
1138.000000	75.527945 
1137.000000	75.457424 
1136.000000	75.379127 
1135.000000	75.296548 
1134.000000	75.213298 
1133.000000	75.131429 
1132.000000	75.051784 
1131.000000	74.973478 
1130.000000	74.893114 
1129.000000	74.807745 
1128.000000	74.719772 
1127.000000	74.635935 
1126.000000	74.559698 
1125.000000	74.487153 
1124.000000	74.412087 
1123.000000	74.332505 
1122.000000	74.250582 
1121.000000	74.169193 
1120.000000	74.090744 
1119.000000	74.016649 
1118.000000	73.945151 
1117.000000	73.871524 
1116.000000	73.792401 
1115.000000	73.708286 
1114.000000	73.621315 
1113.000000	73.533917 
1112.000000	73.450602 
1111.000000	73.376153 
1110.000000	73.309445 
1109.000000	73.243263 
1108.000000	73.172858 
1107.000000	73.101159 
1106.000000	73.032904 
1105.000000	72.968039 
1104.000000	72.904784 
1103.000000	72.845472 
1102.000000	72.794112 
1101.000000	72.750871 
1100.000000	72.711975 
1099.000000	72.674405 
1098.000000	72.636589 
1097.000000	72.595955 
1096.000000	72.549635 
1095.000000	72.496406 
1094.000000	72.434588 
1093.000000	72.358850 
1092.000000	72.263455 
1091.000000	72.149954 
1090.000000	72.029011 
1089.000000	71.912363 
1088.000000	71.803473 
1087.000000	71.697143 
1086.000000	71.587606 
1085.000000	71.475878 
1084.000000	71.368549 
1083.000000	71.269935 
1082.000000	71.177602 
1081.000000	71.086864 
1080.000000	70.997375 
1079.000000	70.912413 
1078.000000	70.833565 
1077.000000	70.760073 
1076.000000	70.692336 
1075.000000	70.631532 
1074.000000	70.576250 
1073.000000	70.523383 
1072.000000	70.470276 
1071.000000	70.409794 
1070.000000	70.325708 
1069.000000	70.203653 
1068.000000	70.050823 
1067.000000	69.898628 
1066.000000	69.779040 
1065.000000	69.700423 
1064.000000	69.648123 
1063.000000	69.600801 
1062.000000	69.542094 
1061.000000	69.464639 
1060.000000	69.373034 
1059.000000	69.283329 
1058.000000	69.213763 
1057.000000	69.172706 
1056.000000	69.154098 
1055.000000	69.141632 
1054.000000	69.117571 
1053.000000	69.071780 
1052.000000	69.003716 
1051.000000	68.914147 
1050.000000	68.798140 
1049.000000	68.652232 
1048.000000	68.485457 
1047.000000	68.313820 
1046.000000	68.144380 
1045.000000	67.973947 
1044.000000	67.803157 
1043.000000	67.641042 
1042.000000	67.492261 
1041.000000	67.348868 
1040.000000	67.201362 
1039.000000	67.053576 
1038.000000	66.921852 
1037.000000	66.821743 
1036.000000	66.756890 
1035.000000	66.716601 
1034.000000	66.682803 
1033.000000	66.642772 
1032.000000	66.594945 
1031.000000	66.541611 
1030.000000	66.483423 
1029.000000	66.427878 
1028.000000	66.394538 
1027.000000	66.397440 
1026.000000	66.424418 
1025.000000	66.447696 
1024.000000	66.455295 
1023.000000	66.458248 
1022.000000	66.466668 
1021.000000	66.474034 
1020.000000	66.469145 
1019.000000	66.450813 
1018.000000	66.424980 
1017.000000	66.397497 
1016.000000	66.375538 
1015.000000	66.367091 
1014.000000	66.372433 
1013.000000	66.382279 
1012.000000	66.388473 
1011.000000	66.390551 
1010.000000	66.389928 
1009.000000	66.386062 
1008.000000	66.382117 
1007.000000	66.386478 
1006.000000	66.403438 
1005.000000	66.427683 
1004.000000	66.451605 
1003.000000	66.473310 
1002.000000	66.495345 
1001.000000	66.521040 
1000.000000	66.554229 
999.000000	 66.597296 
998.000000	 66.647129 
997.000000	 66.697017 
996.000000	 66.743319 
995.000000	 66.786314 
994.000000	 66.825573 
993.000000	 66.860431 
992.000000	 66.894978 
991.000000	 66.936435 
990.000000	 66.987945 
989.000000	 67.047845 
988.000000	 67.115278 
987.000000	 67.190740 
986.000000	 67.271946 
985.000000	 67.355528 
984.000000	 67.442631 
983.000000	 67.537719 
982.000000	 67.643073 
981.000000	 67.758795 
980.000000	 67.885429 
979.000000	 68.020589 
978.000000	 68.156109 
977.000000	 68.286224 
976.000000	 68.416481 
975.000000	 68.557506 
974.000000	 68.712161 
973.000000	 68.875365 
972.000000	 69.043356 
971.000000	 69.215217 
970.000000	 69.387973 
969.000000	 69.558653 
968.000000	 69.729472 
967.000000	 69.903456 
966.000000	 70.077440 
965.000000	 70.247339 
964.000000	 70.417261 
963.000000	 70.593745 
962.000000	 70.772524 
961.000000	 70.941219 
960.000000	 71.095486 
959.000000	 71.243241 
958.000000	 71.391687 
957.000000	 71.538414 
956.000000	 71.677390 
955.000000	 71.806013 
954.000000	 71.923242 
953.000000	 72.027413 
952.000000	 72.120180 
951.000000	 72.208753 
950.000000	 72.300187 
949.000000	 72.394529 
948.000000	 72.484857 
947.000000	 72.563001 
946.000000	 72.626129 
945.000000	 72.680003 
944.000000	 72.734342 
943.000000	 72.792191 
942.000000	 72.846211 
941.000000	 72.889241 
940.000000	 72.925148 
939.000000	 72.963378 
938.000000	 73.005282 
937.000000	 73.043960 
936.000000	 73.077654 
935.000000	 73.114601 
934.000000	 73.161474 
933.000000	 73.213588 
932.000000	 73.260744 
931.000000	 73.298550 
930.000000	 73.330853 
929.000000	 73.364727 
928.000000	 73.405960 
927.000000	 73.455928 
926.000000	 73.509332 
925.000000	 73.557237 
924.000000	 73.595069 
923.000000	 73.626114 
922.000000	 73.655697 
921.000000	 73.684502 
920.000000	 73.710166 
919.000000	 73.733308 
918.000000	 73.758208 
917.000000	 73.787473 
916.000000	 73.818779 
915.000000	 73.848418 
914.000000	 73.877320 
913.000000	 73.912025 
912.000000	 73.958752 
911.000000	 74.017098 
910.000000	 74.081319 
909.000000	 74.148339 
908.000000	 74.222493 
907.000000	 74.311279 
906.000000	 74.418307 
905.000000	 74.541122 
904.000000	 74.673409 
903.000000	 74.808155 
902.000000	 74.941667 
901.000000	 75.076350 
900.000000	 75.217373 
899.000000	 75.365566 
898.000000	 75.516120 
897.000000	 75.664495 
896.000000	 75.809460 
895.000000	 75.949485 
894.000000	 76.081395 
893.000000	 76.205238 
892.000000	 76.326452 
891.000000	 76.450875 
890.000000	 76.581027 
889.000000	 76.718277 
888.000000	 76.862940 
887.000000	 77.008956 
886.000000	 77.143835 
885.000000	 77.258490 
884.000000	 77.353622 
883.000000	 77.433475 
882.000000	 77.498789 
881.000000	 77.551708 
880.000000	 77.603110 
879.000000	 77.665727 
878.000000	 77.739152 
877.000000	 77.809361 
876.000000	 77.865800 
875.000000	 77.912925 
874.000000	 77.961530 
873.000000	 78.013732 
872.000000	 78.063017 
871.000000	 78.108156 
870.000000	 78.160491 
869.000000	 78.233691 
868.000000	 78.328687 
867.000000	 78.432196 
866.000000	 78.529899 
865.000000	 78.618427 
864.000000	 78.703985 
863.000000	 78.792864 
862.000000	 78.885385 
861.000000	 78.976133 
860.000000	 79.057111 
859.000000	 79.122832 
858.000000	 79.175887 
857.000000	 79.226169 
856.000000	 79.281656 
855.000000	 79.341410 
854.000000	 79.399960 
853.000000	 79.454970 
852.000000	 79.505665 
851.000000	 79.547122 
850.000000	 79.574309 
849.000000	 79.592056 
848.000000	 79.613404 
847.000000	 79.644763 
846.000000	 79.677682 
845.000000	 79.698600 
844.000000	 79.702514 
843.000000	 79.694143 
842.000000	 79.680074 
841.000000	 79.663930 
840.000000	 79.646042 
839.000000	 79.622601 
838.000000	 79.586809 
837.000000	 79.536573 
836.000000	 79.481402 
835.000000	 79.436742 
834.000000	 79.409194 
833.000000	 79.390458 
832.000000	 79.367732 
831.000000	 79.337111 
830.000000	 79.305320 
829.000000	 79.282300 
828.000000	 79.275807 
827.000000	 79.289783 
826.000000	 79.320685 
825.000000	 79.354168 
824.000000	 79.371366 
823.000000	 79.363260 
822.000000	 79.337938 
821.000000	 79.311250 
820.000000	 79.291156 
819.000000	 79.272203 
818.000000	 79.243360 
817.000000	 79.199192 
816.000000	 79.142917 
815.000000	 79.079057 
814.000000	 79.004426 
813.000000	 78.907907 
812.000000	 78.777930 
811.000000	 78.606427 
810.000000	 78.385373 
809.000000	 78.106417 
808.000000	 77.770931 
807.000000	 77.397872 
806.000000	 77.013256 
805.000000	 76.630583 
804.000000	 76.247842 
803.000000	 75.864288 
802.000000	 75.494416 
801.000000	 75.165171 
800.000000	 74.904526 
799.000000	 74.731262 
798.000000	 74.648146 
797.000000	 74.642406 
796.000000	 74.694757 
795.000000	 74.787533 
794.000000	 74.904814 
793.000000	 75.030870 
792.000000	 75.153726 
791.000000	 75.268285 
790.000000	 75.371257 
789.000000	 75.452653 
788.000000	 75.495507 
787.000000	 75.485850 
786.000000	 75.422404 
785.000000	 75.316352 
784.000000	 75.183480 
783.000000	 75.037476 
782.000000	 74.889099 
781.000000	 74.750060 
780.000000	 74.636325 
779.000000	 74.565278 
778.000000	 74.548416 
777.000000	 74.588004 
776.000000	 74.679907 
775.000000	 74.815419 
774.000000	 74.980340 
773.000000	 75.158350 
772.000000	 75.338291 
771.000000	 75.514895 
770.000000	 75.681557 
769.000000	 75.828210 
768.000000	 75.950433 
767.000000	 76.056126 
766.000000	 76.156486 
765.000000	 76.251815 
764.000000	 76.332834 
763.000000	 76.396074 
762.000000	 76.450758 
761.000000	 76.507518 
760.000000	 76.566553 
759.000000	 76.621927 
758.000000	 76.672838 
757.000000	 76.723964 
756.000000	 76.776473 
755.000000	 76.825383 
754.000000	 76.867281 
753.000000	 76.907070 
752.000000	 76.955947 
751.000000	 77.024215 
750.000000	 77.114659 
749.000000	 77.218837 
748.000000	 77.319720 
747.000000	 77.402934 
746.000000	 77.468552 
745.000000	 77.530166 
744.000000	 77.601195 
743.000000	 77.684544 
742.000000	 77.776316 
741.000000	 77.874443 
740.000000	 77.978622 
739.000000	 78.084409 
738.000000	 78.183640 
737.000000	 78.271713 
736.000000	 78.350667 
735.000000	 78.422952 
734.000000	 78.485549 
733.000000	 78.533979 
732.000000	 78.570554 
731.000000	 78.604747 
730.000000	 78.645670 
729.000000	 78.696915 
728.000000	 78.755626 
727.000000	 78.813782 
726.000000	 78.862571 
725.000000	 78.897496 
724.000000	 78.921370 
723.000000	 78.942957 
722.000000	 78.971220 
721.000000	 79.009668 
720.000000	 79.055330 
719.000000	 79.102834 
718.000000	 79.148242 
717.000000	 79.188153 
716.000000	 79.218587 
715.000000	 79.237260 
714.000000	 79.245678 
713.000000	 79.247782 
712.000000	 79.246831 
711.000000	 79.244349 
710.000000	 79.240535 
709.000000	 79.234165 
708.000000	 79.222429 
707.000000	 79.203836 
706.000000	 79.181456 
705.000000	 79.157585 
704.000000	 79.124211 
703.000000	 79.065773 
702.000000	 78.969952 
701.000000	 78.833310 
700.000000	 78.659281 
699.000000	 78.453137 
698.000000	 78.225022 
697.000000	 77.997209 
696.000000	 77.805897 
695.000000	 77.694621 
694.000000	 77.692977 
693.000000	 77.795248 
692.000000	 77.959429 
691.000000	 78.131305 
690.000000	 78.280664 
689.000000	 78.410645 
688.000000	 78.533246 
687.000000	 78.648562 
686.000000	 78.748127 
685.000000	 78.830781 
684.000000	 78.905950 
683.000000	 78.980443 
682.000000	 79.053169 
681.000000	 79.123629 
680.000000	 79.198493 
679.000000	 79.279803 
678.000000	 79.354106 
677.000000	 79.407248 
676.000000	 79.441488 
675.000000	 79.472933 
674.000000	 79.512972 
673.000000	 79.553711 
672.000000	 79.573789 
671.000000	 79.551975 
670.000000	 79.487733 
669.000000	 79.418833 
668.000000	 79.453836 
667.000000	 79.622898 
666.000000	 79.816582 
665.000000	 79.981028 
664.000000	 80.125522 
663.000000	 80.246626 
662.000000	 80.340052 
661.000000	 80.418241 
660.000000	 80.493944 
659.000000	 80.558796 
658.000000	 80.602857 
657.000000	 80.638776 
656.000000	 80.677102 
655.000000	 80.704572 
654.000000	 80.712190 
653.000000	 80.714668 
652.000000	 80.721022 
651.000000	 80.717195 
650.000000	 80.699611 

